timestamp,device_0,device_1
1678630883770575445,0,15
1678630883772833488,0,15
1678630883774601827,0,15
1678630883776341601,0,15
1678630883778094880,0,15
1678630883779856656,0,15
1678630883781594817,0,15
1678630883783337886,0,15
1678630883785050267,0,15
1678630883786861958,0,15
1678630883789035671,0,15
1678630883791271072,0,15
1678630883793123912,0,15
1678630883794905845,0,15
1678630883796639346,0,15
1678630883798378308,0,15
1678630883800169871,0,15
1678630883801919524,0,15
1678630883803674958,0,15
1678630883805433357,0,15
1678630883807252512,0,15
1678630883810557786,0,15
1678630883812748060,0,15
1678630883814643912,0,15
1678630883816867781,0,15
1678630883818614567,0,15
1678630883820351064,0,15
1678630883822077112,0,15
1678630883823801967,0,15
1678630883825527173,0,15
1678630883827449064,0,15
1678630883829595424,0,15
1678630883831773044,0,15
1678630883833551121,0,15
1678630883836233165,0,15
1678630883838361300,0,15
1678630883840464868,0,15
1678630883842581492,0,15
1678630883844446405,0,15
1678630883846229972,0,15
1678630883848401761,0,15
1678630883850766559,0,15
1678630883852628495,0,15
1678630883854349242,0,15
1678630883856099877,0,15
1678630883858283559,0,15
1678630883860432004,0,15
1678630883862618871,0,15
1678630883864522958,0,15
1678630883866397319,0,15
1678630883868524503,0,15
1678630883870643000,0,15
1678630883872455553,0,15
1678630883874207199,0,15
1678630883875935791,0,15
1678630883878139320,0,15
1678630883880036895,0,15
1678630883882646701,0,15
1678630883884412595,0,15
1678630883892007574,0,15
1678630883896918466,0,15
1678630883898680922,0,15
1678630883900447547,0,15
1678630883902176700,0,15
1678630883903902678,0,15
1678630883905823257,0,15
1678630883908019202,0,15
1678630883912986190,0,15
1678630883914746934,0,15
1678630883917395253,0,15
1678630883919197806,0,15
1678630883920967927,0,15
1678630883922717770,0,15
1678630883924471451,0,15
1678630883926302339,0,15
1678630883928738232,0,15
1678630883931631890,0,15
1678630883933782979,0,15
1678630883935747292,0,15
1678630883937486615,0,15
1678630883939229935,0,15
1678630883940987413,0,15
1678630883942745982,0,15
1678630883944555168,0,15
1678630883946342322,0,15
1678630883948481438,0,15
1678630883950683976,0,15
1678630883952586882,0,15
1678630883954370599,0,15
1678630883956118568,0,15
1678630883957917043,0,15
1678630883959678318,0,15
1678630883961430686,0,15
1678630883963187723,0,15
1678630883965010816,0,15
1678630883966888733,0,15
1678630883969148049,0,15
1678630883971428776,0,15
1678630883973248633,0,15
1678630883975000750,0,15
1678630883976748990,0,15
1678630883978496659,0,15
1678630883980238686,0,15
1678630883981976997,0,15
1678630883983717602,0,15
1678630883985442197,0,15
1678630883987247195,0,15
1678630883989387334,0,15
1678630883991249832,0,15
1678630883992998922,0,15
1678630883994749868,0,15
1678630883996495473,0,15
1678630883998236929,0,15
1678630883999968126,0,15
1678630884001704913,0,15
1678630884003445058,0,15
1678630884005884088,0,15
1678630884008599646,0,15
1678630884010944816,0,15
1678630884013158374,0,15
1678630884015074084,0,15
1678630884016810992,0,15
1678630884018585702,0,15
1678630884020321968,0,15
1678630884022097911,0,15
1678630884024830512,0,15
1678630884026603759,0,15
1678630884030261096,0,15
1678630884032437644,0,15
1678630884039421254,0,15
1678630884044292330,0,15
1678630884046016544,0,15
1678630884048146071,0,15
1678630884050486532,0,15
1678630884052309946,0,15
1678630884054095437,0,15
1678630884055824851,0,15
1678630884057562671,0,15
1678630884059294749,0,15
1678630884061022439,0,15
1678630884062768756,0,15
1678630884064502338,0,15
1678630884066469545,0,15
1678630884068583764,0,15
1678630884070714214,0,15
1678630884072590779,0,15
1678630884074691342,0,15
1678630884076486141,0,15
1678630884078228229,0,15
1678630884079988190,0,15
1678630884081754515,0,15
1678630884083485351,0,15
1678630884085230475,0,15
1678630884086968295,0,15
1678630884089240986,0,15
1678630884091201321,0,15
1678630884092954761,0,15
1678630884094745722,0,15
1678630884096475366,0,15
1678630884098224527,0,15
1678630884099962337,0,15
1678630884101711459,0,15
1678630884103448157,0,15
1678630884105213039,0,15
1678630884106963482,0,21
1678630884112678339,0,21
1678630884114553431,0,21
1678630884117117679,0,21
1678630884119019202,0,21
1678630884120764066,0,21
1678630884122534638,0,21
1678630884124287065,0,21
1678630884126044512,0,21
1678630884128540210,0,21
1678630884130791551,0,21
1678630884132936008,0,21
1678630884135188912,0,21
1678630884136969933,0,21
1678630884138707713,0,21
1678630884140447798,0,21
1678630884142219632,0,21
1678630884144843344,0,21
1678630884148189978,0,21
1678630884150444585,0,21
1678630884152315840,0,21
1678630884154058619,0,21
1678630884155799545,0,21
1678630884157529359,0,21
1678630884159264975,0,21
1678630884160998286,0,21
1678630884162989179,0,21
1678630884165227033,0,21
1678630884170556735,0,21
1678630884172691342,0,21
1678630884175200757,0,21
1678630884177352588,0,21
1678630884184042788,0,21
1678630884190165104,0,21
1678630884192277939,0,21
1678630884194142882,0,21
1678630884195878568,0,21
1678630884197604455,0,21
1678630884199365018,0,21
1678630884201102978,0,21
1678630884202857089,0,21
1678630884204587665,0,21
1678630884206313482,0,21
1678630884208455815,0,21
1678630884210570735,0,21
1678630884212680044,0,21
1678630884214653164,0,21
1678630884216629620,0,21
1678630884218353653,0,21
1678630884220075522,0,21
1678630884221794716,0,21
1678630884223514061,0,21
1678630884225236561,0,21
1678630884226962779,0,21
1678630884229395235,0,21
1678630884231891584,0,21
1678630884233997578,0,21
1678630884235951581,0,21
1678630884237690793,0,21
1678630884239428132,0,21
1678630884241187592,0,21
1678630884242936353,0,21
1678630884244802379,0,21
1678630884246615432,0,21
1678630884248793762,0,21
1678630884250863286,0,21
1678630884252734972,0,21
1678630884254483793,0,21
1678630884256218688,0,21
1678630884257957199,0,21
1678630884259700639,0,21
1678630884261437697,0,21
1678630884263186698,0,21
1678630884264937143,0,21
1678630884266728224,0,21
1678630884268909821,0,21
1678630884271292964,0,21
1678630884273205708,0,21
1678630884274963055,0,21
1678630884276715552,0,21
1678630884278513767,0,21
1678630884280295511,0,21
1678630884282040976,0,21
1678630884283809715,0,21
1678630884285621476,0,21
1678630884287769359,0,21
1678630884289961767,0,21
1678630884291841949,0,21
1678630884293642008,0,21
1678630884295503594,0,21
1678630884297230622,0,21
1678630884298985225,0,21
1678630884300746089,0,21
1678630884302498516,0,21
1678630884304237367,0,21
1678630884305976590,0,21
1678630884308092613,0,25
1678630884313306023,0,25
1678630884315138262,0,25
1678630884317648988,0,25
1678630884319908235,0,25
1678630884322179113,0,25
1678630884324769861,0,25
1678630884328257945,0,25
1678630884335613095,0,25
1678630884340426321,0,25
1678630884342168739,0,25
1678630884343902040,0,25
1678630884345645681,0,25
1678630884347751163,0,25
1678630884350102175,0,25
1678630884351982646,0,25
1678630884353699636,0,25
1678630884355436935,0,25
1678630884357167391,0,25
1678630884359095736,0,25
1678630884360841621,0,25
1678630884362563921,0,25
1678630884364276883,0,25
1678630884366003070,0,25
1678630884368169569,0,25
1678630884370394690,0,25
1678630884372263880,0,25
1678630884373994917,0,25
1678630884375725884,0,25
1678630884377440149,0,25
1678630884379160004,0,25
1678630884380876452,0,25
1678630884382591389,0,25
1678630884384310002,0,25
1678630884386104300,0,25
1678630884388379016,0,25
1678630884390545414,0,25
1678630884392426678,0,25
1678630884394327228,0,25
1678630884396105305,0,25
1678630884397850830,0,25
1678630884399591194,0,25
1678630884401327881,0,25
1678630884403079458,0,25
1678630884404827077,0,25
1678630884406628117,0,25
1678630884410237592,0,25
1678630884412275866,0,25
1678630884414150698,0,25
1678630884416600628,0,25
1678630884418343417,0,25
1678630884420111324,0,25
1678630884421848463,0,25
1678630884423590250,0,25
1678630884425339703,0,25
1678630884427277093,0,25
1678630884430030152,0,25
1678630884432187884,0,25
1678630884434466207,0,25
1678630884436421802,0,25
1678630884438173398,0,25
1678630884439916458,0,25
1678630884441662143,0,25
1678630884443444058,0,25
1678630884445304913,0,25
1678630884447105342,0,25
1678630884449270898,0,25
1678630884451428701,0,25
1678630884453287131,0,25
1678630884455030421,0,25
1678630884456767839,0,25
1678630884458839838,0,25
1678630884460581465,0,25
1678630884462394509,0,25
1678630884464796969,0,25
1678630884466708220,0,25
1678630884469216811,0,25
1678630884471480246,0,25
1678630884473375817,0,25
1678630884480181117,0,25
1678630884485395718,0,25
1678630884487662138,0,25
1678630884489699731,0,25
1678630884491516151,0,25
1678630884493258670,0,25
1678630884494973816,0,25
1678630884496693551,0,25
1678630884498456018,0,25
1678630884500191754,0,25
1678630884501923512,0,25
1678630884503652024,0,25
1678630884505640231,0,25
1678630884507854201,0,15
1678630884512840336,0,15
1678630884514662387,0,15
1678630884517092379,0,15
1678630884518870136,0,15
1678630884520592696,0,15
1678630884522488979,0,15
1678630884524216538,0,15
1678630884525961131,0,15
1678630884528918271,0,15
1678630884531597077,0,15
1678630884533683032,0,15
1678630884535606176,0,15
1678630884537328677,0,15
1678630884539052470,0,15
1678630884540780281,0,15
1678630884542585610,0,15
1678630884544672326,0,15
1678630884546482153,0,15
1678630884548797917,0,15
1678630884550977901,0,15
1678630884552836972,0,15
1678630884554590252,0,15
1678630884556335616,0,15
1678630884558106018,0,15
1678630884559859498,0,15
1678630884561609951,0,15
1678630884563354154,0,15
1678630884565094679,0,15
1678630884566836517,0,15
1678630884568996033,0,15
1678630884570933393,0,15
1678630884572709105,0,15
1678630884574487272,0,15
1678630884576238427,0,15
1678630884577988360,0,15
1678630884579828906,0,15
1678630884581569140,0,15
1678630884583324403,0,15
1678630884585086019,0,15
1678630884586854968,0,15
1678630884589107089,0,15
1678630884591082864,0,15
1678630884592844199,0,15
1678630884594598000,0,15
1678630884596349847,0,15
1678630884598141008,0,15
1678630884599872576,0,15
1678630884601625334,0,15
1678630884603417648,0,15
1678630884605163263,0,15
1678630884606970926,0,15
1678630884610397762,0,15
1678630884612452488,0,15
1678630884615375531,0,15
1678630884617134451,0,15
1678630884619131306,0,15
1678630884620912008,0,15
1678630884629032911,0,15
1678630884636859813,0,15
1678630884639347505,0,15
1678630884641551376,0,15
1678630884643716552,0,15
1678630884645559473,0,15
1678630884647662961,0,15
1678630884649834078,0,15
1678630884651683592,0,15
1678630884653417614,0,15
1678630884655149743,0,15
1678630884656882803,0,15
1678630884658610604,0,15
1678630884660352582,0,15
1678630884662093918,0,15
1678630884663834503,0,15
1678630884666106042,0,15
1678630884668231543,0,15
1678630884670437678,0,15
1678630884672277112,0,15
1678630884674019992,0,15
1678630884675749375,0,15
1678630884677499959,0,15
1678630884679243951,0,15
1678630884680984115,0,15
1678630884682723858,0,15
1678630884684455115,0,15
1678630884686190590,0,15
1678630884688328044,0,15
1678630884690486557,0,15
1678630884692363633,0,15
1678630884694472531,0,15
1678630884696202206,0,15
1678630884697936820,0,15
1678630884699661114,0,15
1678630884701379617,0,15
1678630884703212749,0,15
1678630884704950217,0,15
1678630884706711753,0,17
1678630884712336257,0,17
1678630884714159470,0,17
1678630884717157127,0,17
1678630884718929622,0,17
1678630884720663404,0,17
1678630884722410582,0,17
1678630884724156127,0,17
1678630884725900299,0,17
1678630884728395436,0,17
1678630884730820178,0,17
1678630884732956258,0,17
1678630884734977299,0,17
1678630884736723235,0,17
1678630884738507172,0,17
1678630884740250793,0,17
1678630884742040672,0,17
1678630884743879234,0,17
1678630884745719240,0,17
1678630884747891039,0,17
1678630884750305471,0,17
1678630884752250506,0,17
1678630884754010559,0,17
1678630884755787203,0,17
1678630884757602972,0,17
1678630884759379615,0,17
1678630884761169414,0,17
1678630884762953162,0,17
1678630884765908608,0,17
1678630884768198461,0,17
1678630884771187211,0,17
1678630884773456467,0,17
1678630884780472469,0,17
1678630884785999097,0,17
1678630884788416745,0,17
1678630884791079943,0,17
1678630884803269800,0,17
1678630884805116678,0,17
1678630884807136987,0,17
1678630884810612106,0,17
1678630884812580797,0,17
1678630884814427084,0,17
1678630884816626775,0,17
1678630884826500047,0,17
1678630884829474980,0,17
1678630884831814439,0,17
1678630884864354571,0,17
1678630884866522141,0,17
1678630884869053858,0,17
1678630884871531561,0,17
1678630884900690263,0,22
1678630884930980167,0,22
1678630884960641299,0,22
1678630884963470364,0,22
1678630884967646271,0,22
1678630884970707228,0,22
1678630884973510253,0,22
1678630884975584505,0,22
1678630884977541784,0,22
1678630884980034536,0,22
1678630884982360741,0,22
1678630884984439843,0,22
1678630884986685332,0,22
1678630884989012487,0,22
1678630884991540176,0,22
1678630884993646620,0,22
1678630884996607035,0,22
1678630884999428205,0,22
1678630885003149133,0,22
1678630885005642806,0,22
1678630885008160716,0,22
1678630885012005080,0,22
1678630885014490257,0,22
1678630885017825128,0,22
1678630885021266652,0,22
1678630885024569342,0,22
1678630885027028610,0,22
1678630885030663494,0,22
1678630885033280503,0,22
1678630885035708732,0,22
1678630885037943681,0,22
1678630885040327965,0,22
1678630885048977749,0,22
1678630885056115574,0,22
1678630885058656398,0,22
1678630885060805524,0,22
1678630885067797340,0,22
1678630885070161787,0,22
1678630885072269473,0,22
1678630885075112845,0,22
1678630885090402362,0,22
1678630885093446838,0,22
1678630885097336117,0,22
1678630885100669996,0,22
1678630885104497658,0,18
1678630885112170565,0,18
1678630885114180665,0,18
1678630885120013738,0,18
1678630885122121675,0,18
1678630885123876628,0,18
1678630885125570954,0,18
1678630885128566396,0,18
1678630885131332651,0,18
1678630885133115897,0,18
1678630885135953317,0,18
1678630885139122101,0,18
1678630885141503971,0,18
1678630885143231050,0,18
1678630885144944082,0,18
1678630885146660250,0,18
1678630885148838552,0,18
1678630885151121693,0,18
1678630885152991404,0,18
1678630885155196107,0,18
1678630885157555835,0,18
1678630885160603436,0,18
1678630885162413594,0,18
1678630885200969787,0,18
1678630885203406011,0,18
1678630885209989457,0,18
1678630885212352011,0,18
1678630885215239817,0,18
1678630885217387179,0,18
1678630885219580098,0,18
1678630885221433910,0,18
1678630885224363185,0,18
1678630885226472545,0,18
1678630885230117137,0,18
1678630885232621911,0,18
1678630885236616804,0,18
1678630885239738356,0,18
1678630885241978375,0,18
1678630885243805566,0,18
1678630885246023934,0,18
1678630885248494753,0,18
1678630885251172419,0,18
1678630885254059584,0,18
1678630885256288401,0,18
1678630885258716570,0,18
1678630885301760727,0,18
1678630885304184176,0,18
1678630885318569005,1,18
1678630885326528009,1,18
1678630885329171819,1,18
1678630885331515968,1,18
1678630885340040592,1,18
1678630885342264330,1,18
1678630885344797128,1,18
1678630885348335448,1,18
1678630885351286164,1,18
1678630885353385544,1,18
1678630885355904327,1,18
1678630885358754741,1,18
1678630885385059280,1,18
1678630885387029124,1,18
1678630885389421785,1,18
1678630885391816489,1,18
1678630885393616567,1,18
1678630885422267098,1,18
1678630885451311531,1,18
1678630885453967315,1,18
1678630885456437122,1,18
1678630885458695948,1,18
1678630885460739552,1,18
1678630885462597050,1,18
1678630885464431454,1,18
1678630885466281558,1,18
1678630885468462735,1,18
1678630885470748662,1,18
1678630885472948063,1,18
1678630885475723185,1,18
1678630885478185108,1,18
1678630885480795804,1,18
1678630885483038479,1,18
1678630885485047627,1,18
1678630885487697348,1,18
1678630885491050324,1,18
1678630885493455899,1,18
1678630885495655360,1,18
1678630885498261258,1,18
1678630885500423880,1,18
1678630885502585820,1,15
1678630885515452278,1,15
1678630885548859456,1,15
1678630885551069327,1,15
1678630885559760399,1,15
1678630885561828249,1,15
1678630885564363834,1,15
1678630885566382810,1,15
1678630885570517388,1,15
1678630885572260278,1,15
1678630885574361853,1,15
1678630885578404154,1,15
1678630885580407291,1,15
1678630885582277774,1,15
1678630885584702195,1,15
1678630885586403225,1,15
1678630885588701075,1,15
1678630885590744829,1,15
1678630885592688171,1,15
1678630885594771691,1,15
1678630885597603671,1,15
1678630885599572041,1,15
1678630885601316613,1,15
1678630885603203999,1,15
1678630885606098108,1,15
1678630885610067441,1,15
1678630885612767960,1,15
1678630885617067834,1,15
1678630885619476014,1,15
1678630885621712276,1,15
1678630885623442511,1,15
1678630885625392567,1,15
1678630885629393409,1,15
1678630885631720314,1,15
1678630885650938016,1,15
1678630885653626691,1,15
1678630885655792660,1,15
1678630885658347770,1,15
1678630885660711856,1,15
1678630885662807359,1,15
1678630885664513429,1,15
1678630885666412957,1,15
1678630885668473172,1,15
1678630885670576771,1,15
1678630885672397039,1,15
1678630885674302989,1,15
1678630885676399905,1,15
1678630885678588185,1,15
1678630885681551226,1,15
1678630885683295387,1,15
1678630885685418994,1,15
1678630885687743294,1,15
1678630885693753916,1,15
1678630885699384342,1,15
1678630885701265675,1,15
1678630885703143984,1,15
1678630885705058111,1,5
1678630885729670207,1,5
1678630885731836935,1,5
1678630885734174942,1,5
1678630885736295784,1,5
1678630885739115490,1,5
1678630885740901140,1,5
1678630885742574347,1,5
1678630885744287801,1,5
1678630885746005852,1,5
1678630885748091737,1,5
1678630885750160208,1,5
1678630885751931743,1,5
1678630885753652860,1,5
1678630885755745508,1,5
1678630885758025703,1,5
1678630885759927637,1,5
1678630885788174135,1,5
1678630885790544043,1,5
1678630885792489550,1,5
1678630885794616072,1,5
1678630885796758354,1,5
1678630885799052116,1,5
1678630885801290282,1,5
1678630885803257138,1,5
1678630885804964289,1,5
1678630885807032841,1,5
1678630885809830967,1,5
1678630885812075163,1,5
1678630885820515346,1,5
1678630885822494527,1,5
1678630885824340093,1,5
1678630885826452829,1,5
1678630885828829328,1,5
1678630885831052876,1,5
1678630885833213825,1,5
1678630885836311712,1,5
1678630885839029033,1,5
1678630885841310762,1,5
1678630885843222664,1,5
1678630885849731538,1,5
1678630885855950999,1,5
1678630885858245492,1,5
1678630885860054698,1,5
1678630885861718175,1,5
1678630885863384639,1,5
1678630885865705583,1,5
1678630885867738276,1,5
1678630885869800635,1,5
1678630885871570977,1,5
1678630885873374042,1,5
1678630885875502838,1,5
1678630885877564456,1,5
1678630885879410163,1,5
1678630885881050667,1,5
1678630885883032312,1,5
1678630885884726999,1,5
1678630885886451533,1,5
1678630885888573107,1,5
1678630885890718384,1,5
1678630885892568749,1,5
1678630885894618895,1,5
1678630885896794822,1,5
1678630885898584180,1,5
1678630885900307011,1,5
1678630885901989114,1,5
1678630885903666730,1,5
1678630885905431731,1,5
1678630885907501906,1,15
1678630885916187337,0,15
1678630885925741689,0,15
1678630885928178524,0,15
1678630885930590872,0,15
1678630885932696153,0,15
1678630885934948597,0,15
1678630885937044280,0,15
1678630885938886259,0,15
1678630885940604060,0,15
1678630885942345557,0,15
1678630885944033722,0,15
1678630885945734832,0,15
1678630885947799596,0,15
1678630885950024436,0,15
1678630885951840465,0,15
1678630885953510045,0,15
1678630885955625766,0,15
1678630885957782055,0,15
1678630885959597794,0,15
1678630885961276441,0,15
1678630885962953504,0,15
1678630885964635016,0,15
1678630885966315286,0,15
1678630885968419776,0,15
1678630885970463320,0,15
1678630885972237870,0,15
1678630885973970269,0,15
1678630885976040424,0,15
1678630885978576799,0,15
1678630885980384011,0,15
1678630885982078768,0,15
1678630885983844241,0,15
1678630885986204180,0,15
1678630885988510144,0,15
1678630885994378435,0,15
1678630885999423612,0,15
1678630886001114202,0,15
1678630886002802687,0,15
1678630886004450385,0,15
1678630886006193034,0,15
1678630886009807559,0,15
1678630886011873305,0,15
1678630886013587589,0,15
1678630886016969260,0,15
1678630886019115129,0,15
1678630886020910688,0,15
1678630886022582642,0,15
1678630886024245167,0,15
1678630886025901381,0,15
1678630886028836789,0,15
1678630886031429542,0,15
1678630886033565151,0,15
1678630886035954005,0,15
1678630886037993341,0,15
1678630886039713426,0,15
1678630886041365171,0,15
1678630886043182353,0,15
1678630886044845380,0,15
1678630886046580925,0,15
1678630886048739809,0,15
1678630886050812599,0,15
1678630886052591427,0,15
1678630886054755581,0,15
1678630886056808813,0,15
1678630886058896040,0,15
1678630886060695547,0,15
1678630886062453435,0,15
1678630886064114048,0,15
1678630886065789438,0,15
1678630886067840256,0,15
1678630886069904098,0,15
1678630886071687405,0,15
1678630886073392983,0,15
1678630886075449151,0,15
1678630886077531058,0,15
1678630886079321328,0,15
1678630886081048137,0,15
1678630886082722485,0,15
1678630886084383568,0,15
1678630886086173477,0,15
1678630886088271604,0,15
1678630886090335958,0,15
1678630886092096461,0,15
1678630886093827448,0,15
1678630886095884938,0,15
1678630886098017983,0,15
1678630886099781762,0,15
1678630886101453336,0,15
1678630886103124337,0,15
1678630886104796802,0,15
1678630886106574969,0,15
1678630886116158345,0,15
1678630886123264139,0,15
1678630886124995997,0,15
1678630886129755821,0,15
1678630886132566289,0,15
1678630886135456591,0,15
1678630886137716838,0,15
1678630886139655842,0,15
1678630886144750022,0,15
1678630886151620968,0,15
1678630886153862279,0,15
1678630886156200587,0,15
1678630886158544614,0,15
1678630886160549213,0,15
1678630886162269029,0,15
1678630886163943327,0,15
1678630886165723769,0,15
1678630886167807859,0,15
1678630886169874647,0,15
1678630886171717467,0,15
1678630886173413316,0,15
1678630886175614191,0,15
1678630886177742687,0,15
1678630886199283245,0,15
1678630886201252426,0,15
1678630886203092221,0,15
1678630886205342991,0,15
1678630886207429627,0,15
1678630886209606264,0,15
1678630886211756432,0,15
1678630886213770249,0,15
1678630886216737216,0,15
1678630886218972507,0,15
1678630886220787845,0,15
1678630886222534271,0,15
1678630886224241642,0,15
1678630886228481781,0,15
1678630886231215704,0,15
1678630886233326947,0,15
1678630886235607894,0,15
1678630886237789181,0,15
1678630886239691706,0,15
1678630886241359101,0,15
1678630886243141606,0,15
1678630886244813038,0,15
1678630886246698350,0,15
1678630886248824773,0,15
1678630886250891100,0,15
1678630886252686659,0,15
1678630886254761843,0,15
1678630886257321312,0,15
1678630886259134476,0,15
1678630886260853630,0,15
1678630886262562364,0,15
1678630886264271298,0,15
1678630886266057060,0,15
1678630886268119710,0,15
1678630886270116134,0,15
1678630886271858602,0,15
1678630886273517351,0,15
1678630886275563721,0,15
1678630886277655998,0,15
1678630886279584792,0,15
1678630886281276874,0,15
1678630886282978935,0,15
1678630886284730370,0,15
1678630886287096120,0,15
1678630886289636062,0,15
1678630886291859629,0,15
1678630886294038051,0,15
1678630886297396667,0,16
1678630886316071861,0,16
1678630886325573322,0,16
1678630886327814532,0,16
1678630886329913843,0,16
1678630886331709653,0,16
1678630886333523148,0,16
1678630886335651493,0,16
1678630886337721307,0,16
1678630886339566802,0,16
1678630886341287809,0,16
1678630886343112525,0,16
1678630886344813836,0,16
1678630886346621739,0,16
1678630886348759993,0,16
1678630886350856779,0,16
1678630886352678018,0,16
1678630886354785334,0,16
1678630886356877279,0,16
1678630886359057525,0,16
1678630886360850600,0,16
1678630886362548714,0,16
1678630886364226859,0,16
1678630886365979597,0,16
1678630886368081772,0,16
1678630886370262649,0,16
1678630886372081714,0,16
1678630886373770039,0,16
1678630886375972446,0,16
1678630886377930997,0,16
1678630886379728732,0,16
1678630886381462564,0,16
1678630886383241282,0,16
1678630886385639923,0,16
1678630886387727311,0,16
1678630886389815280,0,16
1678630886391578348,0,16
1678630886393251894,0,16
1678630886395335785,0,16
1678630886397472807,0,16
1678630886399312531,0,16
1678630886401036665,0,16
1678630886402742624,0,16
1678630886404422683,0,16
1678630886406190089,0,16
1678630886409836986,0,16
1678630886411764648,0,16
1678630886413521534,0,16
1678630886416851807,0,16
1678630886418949684,0,16
1678630886420801651,0,16
1678630886422515735,0,16
1678630886424165977,0,16
1678630886425824676,0,16
1678630886428423210,0,16
1678630886431093812,0,16
1678630886433154438,0,16
1678630886435596684,0,16
1678630886437663131,0,16
1678630886439399758,0,16
1678630886441117119,0,16
1678630886442792049,0,16
1678630886444800957,0,16
1678630886447709132,0,16
1678630886450148481,0,16
1678630886452402105,0,16
1678630886464224330,0,16
1678630886466066248,0,16
1678630886468144107,0,16
1678630886470189795,0,16
1678630886471936683,0,16
1678630886473627483,0,16
1678630886475707005,0,16
1678630886477943677,0,16
1678630886479868553,0,16
1678630886481611613,0,16
1678630886483329245,0,16
1678630886485131197,0,16
1678630886487265193,0,16
1678630886489497457,0,16
1678630886491370826,0,16
1678630886493036679,0,16
1678630886495145817,0,16
1678630886497462162,1,12
1678630886523523306,1,12
1678630886525393869,1,12
1678630886528262770,1,12
1678630886530739050,1,12
1678630886532803774,1,12
1678630886535729684,1,12
1678630886537998207,1,12
1678630886539929336,1,12
1678630886541712662,1,12
1678630886543568777,1,12
1678630886545345190,1,12
1678630886549334712,1,12
1678630886551427620,1,12
1678630886553332909,1,12
1678630886555932466,1,12
1678630886558435287,1,12
1678630886560347750,1,12
1678630886562035955,1,12
1678630886563763114,1,12
1678630886565579925,1,12
1678630886567653827,1,12
1678630886569757214,1,12
1678630886571695657,1,12
1678630886573407717,1,12
1678630886575450379,1,12
1678630886577495677,1,12
1678630886579374926,1,12
1678630886581159315,1,12
1678630886582822663,1,12
1678630886584480610,1,12
1678630886586153846,1,12
1678630886588290527,1,12
1678630886590212639,1,12
1678630886592694090,1,12
1678630886595005876,1,12
1678630886597335456,1,12
1678630886602691076,1,12
1678630886609702369,1,12
1678630886611820837,1,12
1678630886613662976,1,12
1678630886616642587,1,12
1678630886618794678,1,12
1678630886620614696,1,12
1678630886622380228,1,12
1678630886624038145,1,12
1678630886625698636,1,12
1678630886627760264,1,12
1678630886629816232,1,12
1678630886631610309,1,12
1678630886633348790,1,12
1678630886635383547,1,12
1678630886637418865,1,12
1678630886639189778,1,12
1678630886640844860,1,12
1678630886642501575,1,12
1678630886644154562,1,12
1678630886645800075,1,12
1678630886647831597,1,12
1678630886649864901,1,12
1678630886651633629,1,12
1678630886653292217,1,12
1678630886655318387,1,12
1678630886657471079,1,12
1678630886659287009,1,12
1678630886660969483,1,12
1678630886662632449,1,12
1678630886664487022,1,12
1678630886666158825,1,12
1678630886668250912,1,12
1678630886670263517,1,12
1678630886671982049,1,12
1678630886673633133,1,12
1678630886675645127,1,12
1678630886677710433,1,12
1678630886679431610,1,12
1678630886681088746,1,12
1678630886682746602,1,12
1678630886684418355,1,12
1678630886686119355,1,12
1678630886688203697,1,12
1678630886690211262,1,12
1678630886692004828,1,12
1678630886693739762,1,12
1678630886695792834,1,12
1678630886697862388,1,12
1678630886699646385,1,12
1678630886701321505,1,12
1678630886703003619,1,12
1678630886704804890,1,12
1678630886706763411,1,13
1678630886715382956,1,13
1678630886726231340,1,13
1678630886728406264,1,13
1678630886730851535,1,13
1678630886751105395,1,13
1678630886752840520,1,13
1678630886754924280,1,13
1678630886757128871,1,13
1678630886758949179,1,13
1678630886760989477,1,13
1678630886763652083,1,13
1678630886765719732,1,13
1678630886768196573,1,13
1678630886773702792,1,13
1678630886779723503,1,13
1678630886781410346,1,13
1678630886783071819,1,13
1678630886784879843,1,13
1678630886786896215,1,13
1678630886788934068,1,13
1678630886790721031,1,13
1678630886792400299,1,13
1678630886794429996,1,13
1678630886796468319,1,13
1678630886798509398,1,13
1678630886800294539,1,13
1678630886802011248,1,13
1678630886803663815,1,13
1678630886805316061,1,13
1678630886807364384,1,13
1678630886809488632,1,13
1678630886811646794,1,13
1678630886813422506,1,13
1678630886816585509,1,13
1678630886818786934,1,13
1678630886820551875,1,13
1678630886822216735,1,13
1678630886823858892,1,13
1678630886825501840,1,13
1678630886827973222,1,13
1678630886830630558,1,13
1678630886832809280,1,13
1678630886835848967,1,13
1678630886838004735,1,13
1678630886840047547,1,13
1678630886841862514,1,13
1678630886843568073,1,13
1678630886845291625,1,13
1678630886847378922,1,13
1678630886849530241,1,13
1678630886851318046,1,13
1678630886852965894,1,13
1678630886854986744,1,13
1678630886857153614,1,13
1678630886858966477,1,13
1678630886860628572,1,13
1678630886862355761,1,13
1678630886863996416,1,13
1678630886865638813,1,13
1678630886867684360,1,13
1678630886869721872,1,13
1678630886871477226,1,13
1678630886873202151,1,13
1678630886875239072,1,13
1678630886877255544,1,13
1678630886878997952,1,13
1678630886880742113,1,13
1678630886882396474,1,13
1678630886884052347,1,13
1678630886885710866,1,13
1678630886887766432,1,13
1678630886889906189,1,13
1678630886891678686,1,13
1678630886893485347,1,13
1678630886895482492,1,13
1678630886897453857,1,13
1678630886899235221,1,13
1678630886900959275,1,13
1678630886902628974,1,13
1678630886905059526,1,15
1678630886909815832,1,15
1678630886919319477,1,15
1678630886921154162,1,15
1678630886927740663,1,15
1678630886937707311,1,15
1678630886939456924,1,15
1678630886941136182,1,15
1678630886942989973,1,15
1678630886944667948,1,15
1678630886946588908,1,15
1678630886948635919,1,15
1678630886950690333,1,15
1678630886952477947,1,15
1678630886954544926,1,15
1678630886956697098,1,15
1678630886958782551,1,15
1678630886960566719,1,15
1678630886962238813,1,15
1678630886963910887,1,15
1678630886965636503,1,15
1678630886967731886,1,15
1678630886969801039,1,15
1678630886971627267,1,15
1678630886973300533,1,15
1678630886975411346,1,15
1678630886977525375,1,15
1678630886979303702,1,15
1678630886981038104,1,15
1678630886982766887,1,15
1678630886984469159,1,15
1678630886986179787,1,15
1678630886988236355,1,15
1678630886990392143,1,15
1678630886992158296,1,15
1678630886994222379,1,15
1678630886996362538,1,15
1678630886998212312,1,15
1678630886999876701,1,15
1678630887001541731,1,15
1678630887003213475,1,15
1678630887005093798,1,15
1678630887007261047,1,15
1678630887009372921,1,15
1678630887011594685,1,15
1678630887030197922,1,15
1678630887032379068,1,15
1678630887034620319,1,15
1678630887036878153,1,15
1678630887039235676,1,15
1678630887040890597,1,15
1678630887042558232,1,15
1678630887044215949,1,15
1678630887045921777,1,15
1678630887048163129,1,15
1678630887050228064,1,15
1678630887052031609,1,15
1678630887053918032,1,15
1678630887056194690,1,15
1678630887058231802,1,15
1678630887060042411,1,15
1678630887066972699,1,15
1678630887069275437,1,15
1678630887095721687,1,15
1678630887097701618,1,15
1678630887099543006,1,15
1678630887101546272,1,15
1678630887103287689,1,15
1678630887105194121,1,15
1678630887114956599,1,15
1678630887120137225,1,15
1678630887122087080,1,15
1678630887123809379,1,15
1678630887125847903,1,15
1678630887128521812,1,15
1678630887130744307,1,15
1678630887133032788,1,15
1678630887135534518,1,15
1678630887137920937,1,15
1678630887140168119,1,15
1678630887143572512,1,15
1678630887145333596,1,15
1678630887147616277,1,15
1678630887149717751,1,15
1678630887151493834,1,15
1678630887153238306,1,15
1678630887155315804,1,15
1678630887157481952,1,15
1678630887159396850,1,15
1678630887161108059,1,15
1678630887162792156,1,15
1678630887164466374,1,15
1678630887166196138,1,15
1678630887168268516,1,15
1678630887170215115,1,15
1678630887171999835,1,15
1678630887173993834,1,15
1678630887176192914,1,15
1678630887178508136,1,15
1678630887180177475,1,15
1678630887181899494,1,15
1678630887183566700,1,15
1678630887185356920,1,15
1678630887187378651,1,15
1678630887189528688,1,15
1678630887191533138,1,15
1678630887193249928,1,15
1678630887195604585,1,15
1678630887218996749,1,15
1678630887221322131,1,15
1678630887223008863,1,15
1678630887224688280,1,15
1678630887226609571,1,15
1678630887229364173,1,15
1678630887231449126,1,15
1678630887233651252,1,15
1678630887236049793,1,15
1678630887238189360,1,15
1678630887239968279,1,15
1678630887241638059,1,15
1678630887243313950,1,15
1678630887245025409,1,15
1678630887247806833,1,15
1678630887249944797,1,15
1678630887251783810,1,15
1678630887254096577,1,15
1678630887256416368,1,15
1678630887258622613,1,15
1678630887263734298,1,15
1678630887270616905,1,15
1678630887272727106,1,15
1678630887275128002,1,15
1678630887301382263,1,15
1678630887303671385,1,15
1678630887305632501,1,15
1678630887307848766,1,17
1678630887312452109,1,17
1678630887315025525,0,17
1678630887319602378,0,17
1678630887321461679,0,17
1678630887323273350,0,17
1678630887325090080,0,17
1678630887327617929,0,17
1678630887330140498,0,17
1678630887332339879,0,17
1678630887335325191,0,17
1678630887337449930,0,17
1678630887339631137,0,17
1678630887341527580,0,17
1678630887343216246,0,17
1678630887344915782,0,17
1678630887346992498,0,17
1678630887349318932,0,17
1678630887351192251,0,17
1678630887352916065,0,17
1678630887354967944,0,17
1678630887357230566,0,17
1678630887359047917,0,17
1678630887360723317,0,17
1678630887362454955,0,17
1678630887364136898,0,17
1678630887365812199,0,17
1678630887367857355,0,17
1678630887369971013,0,17
1678630887371874169,0,17
1678630887374001192,0,17
1678630887376072508,0,17
1678630887378150518,0,17
1678630887379879390,0,17
1678630887381547236,0,17
1678630887383247955,0,17
1678630887384970125,0,17
1678630887387133537,0,17
1678630887389305907,0,17
1678630887407301883,0,17
1678630887409413517,0,17
1678630887412174541,0,17
1678630887416645531,0,17
1678630887418829192,0,17
1678630887420672855,0,17
1678630887425573957,0,17
1678630887434771276,0,17
1678630887437046141,0,17
1678630887439110114,0,17
1678630887441045732,0,17
1678630887442960289,0,17
1678630887468096985,0,17
1678630887470193550,0,17
1678630887471891062,0,17
1678630887473919757,0,17
1678630887476020631,0,17
1678630887478237055,0,17
1678630887480186699,0,17
1678630887481858933,0,17
1678630887483544153,0,17
1678630887485639436,0,17
1678630887487917818,0,17
1678630887490238370,0,17
1678630887492360203,0,17
1678630887494517835,0,17
1678630887496885448,0,17
1678630887498711917,0,17
1678630887500410321,0,17
1678630887502129865,0,17
1678630887503909234,0,17
1678630887505587139,0,17
1678630887507664889,0,19
1678630887515411135,0,19
1678630887519132775,0,19
1678630887520837942,0,19
1678630887522557707,0,19
1678630887524237676,0,19
1678630887525890112,0,19
1678630887528359970,0,19
1678630887531450003,0,19
1678630887533862291,0,19
1678630887535919160,0,19
1678630887537767140,0,19
1678630887539518897,0,19
1678630887541281044,0,19
1678630887543027980,0,19
1678630887544771551,0,19
1678630887546946866,0,19
1678630887549196422,0,19
1678630887551362350,0,19
1678630887553076996,0,19
1678630887555414651,0,19
1678630887558246350,0,19
1678630887560368243,0,19
1678630887562451723,0,19
1678630887564461343,0,19
1678630887566382522,0,19
1678630887568850516,0,19
1678630887574922034,0,19
1678630887580085798,0,19
1678630887582006257,0,19
1678630887583744406,0,19
1678630887585424035,0,19
1678630887587789624,0,19
1678630887606992767,0,19
1678630887609333469,0,19
1678630887611502852,0,19
1678630887613296668,0,19
1678630887616485890,0,19
1678630887618538411,0,19
1678630887620333761,0,19
1678630887621996087,0,19
1678630887623648383,0,19
1678630887625300789,0,19
1678630887627522512,0,19
1678630887629907007,0,19
1678630887632041255,0,19
1678630887634413096,0,19
1678630887636484502,0,19
1678630887638534818,0,19
1678630887640777923,0,19
1678630887642443134,0,19
1678630887644104588,0,19
1678630887645747036,0,19
1678630887647975793,0,19
1678630887649976575,0,19
1678630887651798274,0,19
1678630887653511226,0,19
1678630887655723272,0,19
1678630887657828805,0,19
1678630887659671053,0,19
1678630887661384416,0,19
1678630887663057843,0,19
1678630887665219012,0,19
1678630887667269479,0,19
1678630887669333130,0,19
1678630887671110495,0,19
1678630887672808428,0,19
1678630887674925493,0,19
1678630887677015125,0,19
1678630887678823249,0,19
1678630887680493740,0,19
1678630887682178938,0,19
1678630887683833799,0,19
1678630887685496586,0,19
1678630887687530792,0,19
1678630887689584976,0,19
1678630887691398921,0,19
1678630887693250227,0,19
1678630887695343976,0,19
1678630887697438708,0,19
1678630887699193139,0,19
1678630887700877598,0,19
1678630887702578617,0,19
1678630887704308731,0,19
1678630887706795471,0,19
1678630887715204525,1,19
1678630887719457459,1,19
1678630887721269381,1,19
1678630887723227892,1,19
1678630887728961724,1,19
1678630887735342253,1,19
1678630887737419019,1,19
1678630887739202105,1,19
1678630887740864140,1,19
1678630887742676452,1,19
1678630887744337676,1,19
1678630887746099662,1,19
1678630887748165317,1,19
1678630887750222487,1,19
1678630887752059996,1,19
1678630887753983230,1,19
1678630887756143998,1,19
1678630887758894753,1,19
1678630887760655155,1,19
1678630887762300959,1,19
1678630887763956211,1,19
1678630887765631320,1,19
1678630887767686326,1,19
1678630887769715533,1,19
1678630887771457821,1,19
1678630887773112672,1,19
1678630887775153581,1,19
1678630887777187226,1,19
1678630887778941998,1,19
1678630887780588132,1,19
1678630887782245748,1,19
1678630887783893706,1,19
1678630887785635483,1,19
1678630887787702693,1,19
1678630887789752609,1,19
1678630887791521457,1,19
1678630887793252263,1,19
1678630887795300185,1,19
1678630887797365169,1,19
1678630887799218861,1,19
1678630887800873191,1,19
1678630887802537420,1,19
1678630887804201769,1,19
1678630887805860548,1,19
1678630887809300077,1,19
1678630887811259310,1,19
1678630887813008923,1,19
1678630887816392376,1,19
1678630887818330297,1,19
1678630887820114515,1,19
1678630887821761141,1,19
1678630887823416022,1,19
1678630887825031278,1,19
1678630887827607299,1,19
1678630887829927451,1,19
1678630887831987857,1,19
1678630887834055327,1,19
1678630887836297519,1,19
1678630887838027915,1,19
1678630887839678357,1,19
1678630887841325072,1,19
1678630887843005323,1,19
1678630887844659763,1,19
1678630887846704118,1,19
1678630887848752992,1,19
1678630887850690352,1,19
1678630887852415858,1,19
1678630887854498978,1,19
1678630887856665046,1,19
1678630887858745941,1,19
1678630887860633135,1,19
1678630887863323695,1,19
1678630887865289109,1,19
1678630887867619631,1,19
1678630887872937810,1,19
1678630887878140428,1,19
1678630887879819185,1,19
1678630887881490748,1,19
1678630887883152593,1,19
1678630887884815038,1,19
1678630887886885723,1,19
1678630887889045238,1,19
1678630887890897226,1,19
1678630887892588628,1,19
1678630887894650656,1,19
1678630887896789993,1,19
1678630887898601624,1,19
1678630887900283086,1,19
1678630887901987282,1,19
1678630887903664144,1,19
1678630887905347209,1,19
1678630887907426391,1,18
1678630887915071675,0,18
1678630887919073349,0,18
1678630887920750743,0,18
1678630887922434690,0,18
1678630887924093469,0,18
1678630887925757478,0,18
1678630887928492091,0,18
1678630887930663548,0,18
1678630887932720898,0,18
1678630887935118639,0,18
1678630887937159428,0,18
1678630887939149038,0,18
1678630887940948385,0,18
1678630887942620379,0,18
1678630887944702746,0,18
1678630887946632533,0,18
1678630887948844970,0,18
1678630887950637554,0,18
1678630887952283978,0,18
1678630887954328464,0,18
1678630887956364233,0,18
1678630887958391887,0,18
1678630887960166506,0,18
1678630887961816037,0,18
1678630887963457562,0,18
1678630887965180584,0,18
1678630887967208378,0,18
1678630887969351843,0,18
1678630887971096225,0,18
1678630887972751176,0,18
1678630887974789679,0,18
1678630887976829285,0,18
1678630887978613383,0,18
1678630887980307510,0,18
1678630887981965317,0,18
1678630887983609527,0,18
1678630887985252906,0,18
1678630887987270420,0,18
1678630887989318753,0,18
1678630887991047014,0,18
1678630887992733296,0,18
1678630887994744778,0,18
1678630887996910655,0,18
1678630887998744578,0,18
1678630888000406583,0,18
1678630888002101971,0,18
1678630888004134895,0,18
1678630888005813672,0,18
1678630888009143292,0,18
1678630888011444187,0,18
1678630888013448115,0,18
1678630888021832651,0,18
1678630888027446956,0,18
1678630888029901535,0,18
1678630888031862651,0,18
1678630888034398364,0,18
1678630888036570243,0,18
1678630888038514486,0,18
1678630888040710591,0,18
1678630888042431679,0,18
1678630888044075219,0,18
1678630888045727906,0,18
1678630888047898472,0,18
1678630888049949119,0,18
1678630888051718419,0,18
1678630888053542162,0,18
1678630888055758195,0,18
1678630888057827498,0,18
1678630888059632747,0,18
1678630888061313147,0,18
1678630888063002644,0,18
1678630888065089089,0,18
1678630888067255186,0,18
1678630888069314310,0,18
1678630888071109319,0,18
1678630888072799819,0,18
1678630888074872177,0,18
1678630888076946449,0,18
1678630888078689669,0,18
1678630888080389075,0,18
1678630888082049065,0,18
1678630888083716801,0,18
1678630888085370119,0,18
1678630888087412220,0,18
1678630888089571726,0,18
1678630888091394958,0,18
1678630888093310487,0,18
1678630888095445345,0,18
1678630888097424756,0,18
1678630888099208544,0,18
1678630888100876180,0,18
1678630888102538305,0,18
1678630888104215428,0,18
1678630888105943429,0,14
1678630888114926257,0,14
1678630888118891071,0,14
1678630888120565830,0,14
1678630888122227153,0,14
1678630888123895019,0,14
1678630888125636325,0,14
1678630888128286458,0,14
1678630888130868691,0,14
1678630888133008027,0,14
1678630888135180357,0,14
1678630888137143085,0,14
1678630888138978361,0,14
1678630888140667838,0,14
1678630888142472466,0,14
1678630888144141424,0,14
1678630888145820582,0,14
1678630888148084797,0,14
1678630888150290249,0,14
1678630888152896317,0,14
1678630888155114865,0,14
1678630888157949390,0,14
1678630888163248412,0,14
1678630888169284141,0,14
1678630888171354165,0,14
1678630888173082868,0,14
1678630888175126501,0,14
1678630888177161659,0,14
1678630888178880692,0,14
1678630888180550411,0,14
1678630888182210102,0,14
1678630888183856748,0,14
1678630888185622912,0,14
1678630888187686564,0,14
1678630888189819578,0,14
1678630888191609507,0,14
1678630888193437098,0,14
1678630888195490129,0,14
1678630888197492374,0,14
1678630888199229392,0,14
1678630888200890486,0,14
1678630888202548553,0,14
1678630888204226989,0,14
1678630888205990998,0,14
1678630888209163297,0,14
1678630888211135275,0,14
1678630888212808141,0,14
1678630888216305090,0,14
1678630888218447032,0,14
1678630888220271166,0,14
1678630888221922610,0,14
1678630888223574986,0,14
1678630888225227683,0,14
1678630888227953862,0,14
1678630888230545552,0,14
1678630888232589737,0,14
1678630888234910800,0,14
1678630888236955065,0,14
1678630888238690430,0,14
1678630888240374127,0,14
1678630888242038005,0,14
1678630888243723395,0,14
1678630888245441877,0,14
1678630888247541427,0,14
1678630888249610750,0,14
1678630888251403063,0,14
1678630888253032956,0,14
1678630888255085137,0,14
1678630888257213954,0,14
1678630888258998803,0,14
1678630888260732876,0,14
1678630888262417523,0,14
1678630888264083746,0,14
1678630888265895987,0,14
1678630888267973065,0,14
1678630888269921206,0,14
1678630888271718540,0,14
1678630888273639901,0,14
1678630888275697250,0,14
1678630888277813282,0,14
1678630888279583804,0,14
1678630888281267830,0,14
1678630888282932240,0,14
1678630888284631958,0,14
1678630888286711520,0,14
1678630888288738932,0,14
1678630888290588686,0,14
1678630888292370729,0,14
1678630888294991946,0,14
1678630888297502612,0,14
1678630888299449141,0,14
1678630888305338360,0,12
1678630888318936114,0,12
1678630888320656741,0,12
1678630888326118534,0,12
1678630888328767044,0,12
1678630888330979510,0,12
1678630888332979740,0,12
1678630888335141339,0,12
1678630888337192116,0,12
1678630888338939374,0,12
1678630888340630926,0,12
1678630888342414904,0,12
1678630888344114200,0,12
1678630888345786414,0,12
1678630888347916512,0,12
1678630888349970566,0,12
1678630888351778228,0,12
1678630888353812334,0,12
1678630888355881758,0,12
1678630888357964687,0,12
1678630888360122608,0,12
1678630888361782749,0,12
1678630888363443592,0,12
1678630888365115505,0,12
1678630888367069839,0,12
1678630888369120697,0,12
1678630888370930093,0,12
1678630888372597027,0,12
1678630888374661090,0,12
1678630888376719551,0,12
1678630888378475155,0,12
1678630888380151827,0,12
1678630888381812890,0,12
1678630888383469325,0,12
1678630888385148032,0,12
1678630888387251630,0,12
1678630888389421555,0,12
1678630888391238886,0,12
1678630888392972948,0,12
1678630888395043554,0,12
1678630888397100113,0,12
1678630888398838073,0,12
1678630888400483526,0,12
1678630888402157132,0,12
1678630888403804870,0,12
1678630888405535225,0,12
1678630888409250611,0,12
1678630888411293334,0,12
1678630888413090197,0,12
1678630888416083304,0,12
1678630888418214505,0,12
1678630888420040202,0,12
1678630888421702197,0,12
1678630888423378820,0,12
1678630888425051786,0,12
1678630888427688943,0,12
1678630888430058138,0,12
1678630888432194609,0,12
1678630888435205530,0,12
1678630888437274292,0,12
1678630888439323697,0,12
1678630888441289082,0,12
1678630888442981144,0,12
1678630888444776553,0,12
1678630888447730395,0,12
1678630888450154105,0,12
1678630888452554239,0,12
1678630888459977069,0,12
1678630888465493837,0,12
1678630888467548803,0,12
1678630888469707316,0,12
1678630888471450626,0,12
1678630888473112079,0,12
1678630888475111488,0,12
1678630888477172265,0,12
1678630888478939650,0,12
1678630888480594802,0,12
1678630888482259392,0,12
1678630888483913873,0,12
1678630888485584645,0,12
1678630888487706848,0,12
1678630888489784687,0,12
1678630888491594574,0,12
1678630888493466710,0,12
1678630888495517759,0,12
1678630888497611228,0,12
1678630888499345310,0,12
1678630888501003778,0,12
1678630888502673988,0,12
1678630888504577604,0,12
1678630888506685911,0,19
1678630888515287312,0,19
1678630888525233642,0,19
1678630888528126187,0,19
1678630888530521542,0,19
1678630888532548674,0,19
1678630888535078236,0,19
1678630888537023481,0,19
1678630888539082766,0,19
1678630888540896451,0,19
1678630888542548186,0,19
1678630888544222924,0,19
1678630888546327414,0,19
1678630888548500074,0,19
1678630888550381077,0,19
1678630888552040989,0,19
1678630888554113077,0,19
1678630888556165497,0,19
1678630888558228738,0,19
1678630888559982738,0,19
1678630888561637219,0,19
1678630888563287581,0,19
1678630888565094662,0,19
1678630888567146843,0,19
1678630888569201479,0,19
1678630888570933507,0,19
1678630888572612353,0,19
1678630888574646439,0,19
1678630888576750257,0,19
1678630888578572278,0,19
1678630888580222791,0,19
1678630888581990859,0,19
1678630888583719961,0,19
1678630888585437502,0,19
1678630888587605102,0,19
1678630888589647443,0,19
1678630888591760890,0,19
1678630888594615313,0,19
1678630888598966435,0,19
1678630888600748769,0,19
1678630888605693254,0,19
1678630888614444511,0,19
1678630888616645495,0,19
1678630888618692284,0,19
1678630888620479278,0,19
1678630888622149659,0,19
1678630888623850899,0,19
1678630888625517683,0,19
1678630888628076230,0,19
1678630888630410438,0,19
1678630888632406882,0,19
1678630888635268728,0,19
1678630888637504288,0,19
1678630888639546149,0,19
1678630888641341179,0,19
1678630888643060913,0,19
1678630888644728689,0,19
1678630888646784506,0,19
1678630888649036197,0,19
1678630888650891732,0,19
1678630888652538187,0,19
1678630888654626957,0,19
1678630888656802653,0,19
1678630888658579557,0,19
1678630888660302848,0,19
1678630888661943923,0,19
1678630888663672945,0,19
1678630888665358856,0,19
1678630888667389666,0,19
1678630888669537699,0,19
1678630888671319923,0,19
1678630888673018518,0,19
1678630888675088822,0,19
1678630888677136824,0,19
1678630888678922005,0,19
1678630888680583128,0,19
1678630888682277805,0,19
1678630888683999584,0,19
1678630888685786908,0,19
1678630888687992200,0,19
1678630888689849688,0,19
1678630888691497516,0,19
1678630888693315709,0,19
1678630888695483049,0,19
1678630888697407516,0,19
1678630888699153491,0,19
1678630888700815525,0,19
1678630888702478041,0,19
1678630888704393960,0,19
1678630888706443726,0,9
1678630888715414602,2,9
1678630888722290456,2,9
1678630888724029218,2,9
1678630888726111386,2,9
1678630888728710811,2,9
1678630888730906264,2,9
1678630888733005203,2,9
1678630888735432541,2,9
1678630888737556568,2,9
1678630888739936775,2,9
1678630888741712627,2,9
1678630888743428123,2,9
1678630888745242990,2,9
1678630888747779715,2,9
1678630888753138863,2,9
1678630888758790568,2,9
1678630888760437995,2,9
1678630888762098958,2,9
1678630888763767325,2,9
1678630888765432406,2,9
1678630888767476160,2,9
1678630888769384084,2,9
1678630888771127174,2,9
1678630888772777205,2,9
1678630888774823233,2,9
1678630888776944285,2,9
1678630888779082710,2,9
1678630888780751248,2,9
1678630888782396380,2,9
1678630888784049368,2,9
1678630888785870426,2,9
1678630888787998310,2,9
1678630888789869886,2,9
1678630888791541870,2,9
1678630888793420509,2,9
1678630888795474873,2,9
1678630888797642263,2,9
1678630888799383479,2,9
1678630888801036356,2,9
1678630888802728147,2,9
1678630888804508107,2,9
1678630888806556711,2,9
1678630888809007753,2,9
1678630888811038913,2,9
1678630888813090331,2,9
1678630888815932119,2,9
1678630888818180454,2,9
1678630888819951998,2,9
1678630888821655311,2,9
1678630888823307758,2,9
1678630888824956458,2,9
1678630888827398322,2,9
1678630888829683848,2,9
1678630888831734525,2,9
1678630888834118789,2,9
1678630888836160871,2,9
1678630888837937505,2,9
1678630888839589730,2,9
1678630888841230595,2,9
1678630888842937615,2,9
1678630888844636330,2,9
1678630888846720010,2,9
1678630888848906265,2,9
1678630888850799993,2,9
1678630888852537373,2,9
1678630888854544306,2,9
1678630888856696247,2,9
1678630888858496926,2,9
1678630888860221390,2,9
1678630888861875089,2,9
1678630888863525923,2,9
1678630888865224588,2,9
1678630888867327224,2,9
1678630888869267300,2,9
1678630888870979711,2,9
1678630888872618401,2,9
1678630888874633900,2,9
1678630888876863098,2,9
1678630888878714836,2,9
1678630888880443649,2,9
1678630888882097799,2,9
1678630888883827182,2,9
1678630888885792957,2,9
1678630888887927935,2,9
1678630888889917215,2,9
1678630888892338280,2,9
1678630888895203734,2,9
1678630888897347889,2,9
1678630888899641139,2,9
1678630888905403977,1,11
1678630888922336232,1,11
1678630888924034616,1,11
1678630888925816770,1,11
1678630888927841698,1,11
1678630888929762747,1,11
1678630888931503722,1,11
1678630888933426074,1,11
1678630888935598344,1,11
1678630888937599618,1,11
1678630888939378235,1,11
1678630888941044127,1,11
1678630888942725078,1,11
1678630888944382293,1,11
1678630888946358148,1,11
1678630888948402343,1,11
1678630888950556528,1,11
1678630888952370503,1,11
1678630888954425919,1,11
1678630888956696656,1,11
1678630888958510561,1,11
1678630888960174579,1,11
1678630888961892721,1,11
1678630888963570837,1,11
1678630888965301343,1,11
1678630888967361318,1,11
1678630888969508850,1,11
1678630888971236730,1,11
1678630888972895959,1,11
1678630888974933262,1,11
1678630888976964061,1,11
1678630888978688746,1,11
1678630888980348827,1,11
1678630888982008186,1,11
1678630888983668057,1,11
1678630888985397830,1,11
1678630888988136461,1,11
1678630888989932803,1,11
1678630888991584078,1,11
1678630888993403363,1,11
1678630888995344030,1,11
1678630888997310456,1,11
1678630888999789611,1,11
1678630889001431888,1,11
1678630889003092661,1,11
1678630889004808009,1,11
1678630889006851652,1,11
1678630889008767471,1,11
1678630889010807879,1,11
1678630889012572680,1,11
1678630889016657953,1,11
1678630889018707367,1,11
1678630889020478460,1,11
1678630889022140094,1,11
1678630889023800036,1,11
1678630889025442664,1,11
1678630889027873838,1,11
1678630889030003726,1,11
1678630889032044734,1,11
1678630889034397428,1,11
1678630889036418769,1,11
1678630889038157520,1,11
1678630889039807602,1,11
1678630889041433548,1,11
1678630889043091175,1,11
1678630889044735526,1,11
1678630889046867248,1,11
1678630889049036461,1,11
1678630889050813265,1,11
1678630889052532349,1,11
1678630889054599377,1,11
1678630889056991025,1,11
1678630889059522350,1,11
1678630889061253467,1,11
1678630889063485140,1,11
1678630889065418373,1,11
1678630889067930662,1,11
1678630889076972212,1,11
1678630889079625009,1,11
1678630889081385582,2,14
1678630889125511090,2,14
1678630889128602885,2,14
1678630889130929198,2,14
1678630889134066471,2,14
1678630889136375080,2,14
1678630889138528404,2,14
1678630889140501173,2,14
1678630889142303035,2,14
1678630889166540842,2,14
1678630889169716949,2,14
1678630889171925568,2,14
1678630889174499725,2,14
1678630889176787005,2,14
1678630889178728874,2,14
1678630889180554100,2,14
1678630889182306778,2,14
1678630889184334040,2,14
1678630889186549221,2,14
1678630889188817554,2,14
1678630889192972560,2,14
1678630889196350063,2,14
1678630889199077262,2,14
1678630889202369491,2,14
1678630889204352408,2,14
1678630889207175100,2,14
1678630889209383538,2,14
1678630889211505992,2,14
1678630889213945222,2,14
1678630889216943089,2,14
1678630889256586935,2,14
1678630889259676145,2,14
1678630889267452148,2,14
1678630889270182554,2,14
1678630889273041866,2,14
1678630889275425539,2,14
1678630889277484823,2,15
1678630889315097719,3,15
1678630889319372795,3,15
1678630889327405197,3,15
1678630889330035361,3,15
1678630889332466697,3,15
1678630889342497516,3,15
1678630889345150804,3,15
1678630889351922510,3,15
1678630889357576450,3,15
1678630889359321583,3,15
1678630889361438146,3,15
1678630889363224318,3,15
1678630889366054394,3,15
1678630889368659290,3,15
1678630889370883359,3,15
1678630889372996735,3,15
1678630889375419693,3,15
1678630889377527419,3,15
1678630889382991887,3,15
1678630889386169276,3,15
1678630889388510990,3,15
1678630889391938938,3,15
1678630889394436909,3,15
1678630889398187543,3,15
1678630889400027016,3,15
1678630889401780616,3,15
1678630889404487827,3,15
1678630889406636161,3,15
1678630889408812679,3,15
1678630889411011299,3,15
1678630889412989768,3,15
1678630889415866763,3,15
1678630889418272478,3,15
1678630889420176144,3,15
1678630889422005208,3,15
1678630889423762294,3,15
1678630889425925586,3,15
1678630889428205653,3,15
1678630889430788546,3,15
1678630889432853030,3,15
1678630889435248906,3,15
1678630889437495497,3,15
1678630889439766294,3,15
1678630889441571553,3,15
1678630889443324903,3,15
1678630889445215645,3,15
1678630889447661617,3,15
1678630889449946271,3,15
1678630889451867420,3,15
1678630889454270069,3,15
1678630889456718386,3,15
1678630889458750016,3,15
1678630889460605170,3,15
1678630889462452158,3,15
1678630889464872813,3,15
1678630889467343041,3,15
1678630889469695404,3,15
1678630889471643475,3,15
1678630889474240075,3,15
1678630889476587378,3,15
1678630889478724130,3,15
1678630889483575407,3,15
1678630889486302266,3,15
1678630889488543718,3,15
1678630889490319540,3,15
1678630889492051047,3,15
1678630889494171357,3,15
1678630889496366129,3,15
1678630889498192718,3,15
1678630889499911471,3,15
1678630889502943653,3,15
1678630889504721099,3,0
1678630889514632651,2,0
1678630889518831211,2,0
1678630889521402944,2,0
1678630889528871850,2,0
1678630889535210017,2,0
1678630889537561548,2,0
1678630889539711666,2,0
1678630889541624981,2,0
1678630889543388941,2,0
1678630889546978968,2,0
1678630889550863407,2,0
1678630889552651132,2,0
1678630889555243974,2,0
1678630889557819184,2,0
1678630889559687223,2,0
1678630889561520876,2,0
1678630889563305534,2,0
1678630889565263244,2,0
1678630889567561924,2,0
1678630889569458627,2,0
1678630889571181438,2,0
1678630889572901583,2,0
1678630889575034648,2,0
1678630889577212347,2,0
1678630889579051511,2,0
1678630889580845689,2,0
1678630889582624416,2,0
1678630889584295769,2,0
1678630889586384178,2,0
1678630889588817786,2,0
1678630889591025553,2,0
1678630889592777299,2,0
1678630889595886838,2,0
1678630889617875191,2,0
1678630889619776963,2,0
1678630889621925477,2,0
1678630889623970012,2,0
1678630889626661574,2,0
1678630889629051809,2,0
1678630889631551724,2,0
1678630889634335572,2,0
1678630889636870305,2,0
1678630889638760565,2,0
1678630889640523903,2,0
1678630889642720900,2,0
1678630889644423672,2,0
1678630889646618414,2,0
1678630889648848363,2,0
1678630889650695201,2,0
1678630889652507483,2,0
1678630889654719538,2,0
1678630889657101629,2,0
1678630889659251406,2,0
1678630889661022919,2,0
1678630889663213323,2,0
1678630889665071843,2,0
1678630889667447210,2,0
1678630889670036646,2,0
1678630889672447842,2,0
1678630889674966914,2,0
1678630889678355578,2,0
1678630889680320370,2,0
1678630889682656643,2,0
1678630889684984439,2,0
1678630889687116151,2,0
1678630889689525082,2,0
1678630889701347736,2,15
1678630889714810252,2,15
1678630889718803128,2,15
1678630889720567298,2,15
1678630889722303855,2,15
1678630889724206599,2,15
1678630889727202973,2,15
1678630889729679343,2,15
1678630889731937036,2,15
1678630889734393940,2,15
1678630889736969529,2,15
1678630889738975841,2,15
1678630889740769557,2,15
1678630889742584213,2,15
1678630889744288669,2,15
1678630889746578072,2,15
1678630889749014446,2,15
1678630889751175294,2,15
1678630889753187739,2,15
1678630889755274565,2,15
1678630889757455751,2,15
1678630889759271850,2,15
1678630889762034977,2,15
1678630889763734013,2,15
1678630889766408241,2,15
1678630889768487173,2,15
1678630889770500729,2,15
1678630889772226345,2,15
1678630889774266131,2,15
1678630889776328651,2,15
1678630889778141093,2,15
1678630889779910743,2,15
1678630889781586544,2,15
1678630889783285629,2,15
1678630889785104133,2,15
1678630889787341637,2,15
1678630889789377998,2,15
1678630889791047957,2,15
1678630889792707587,2,15
1678630889794840281,2,15
1678630889797186843,2,15
1678630889799023271,2,15
1678630889800868926,2,15
1678630889802610302,2,15
1678630889804329977,2,15
1678630889806411654,2,15
1678630889808741264,2,15
1678630889811169723,2,15
1678630889813098828,2,15
1678630889815737788,2,15
1678630889817962838,2,15
1678630889819746395,2,15
1678630889821478734,2,15
1678630889823213678,2,15
1678630889824864952,2,15
1678630889826933494,2,15
1678630889829178443,2,15
1678630889831313641,2,15
1678630889833155659,2,15
1678630889835247405,2,15
1678630889837962521,2,15
1678630889839748722,2,15
1678630889841789981,2,15
1678630889843522350,2,15
1678630889845192200,2,15
1678630889847568199,2,15
1678630889849657050,2,15
1678630889851997981,2,15
1678630889855243650,2,15
1678630889863007831,2,15
1678630889865050133,2,15
1678630889867563263,2,15
1678630889872722358,2,15
1678630889878461420,2,15
1678630889880616356,2,15
1678630889904406490,2,15
1678630889906462868,2,15
1678630889911204685,2,15
1678630889913085567,4,15
1678630889924025364,4,15
1678630889926236989,4,15
1678630889928431952,4,15
1678630889930382427,4,15
1678630889932341720,4,15
1678630889934565868,4,15
1678630889936708651,4,15
1678630889938993686,4,15
1678630889940692832,4,15
1678630889942608331,4,15
1678630889945656463,4,15
1678630889947847669,4,15
1678630889991547522,4,15
1678630889993923650,4,15
1678630889996178918,4,15
1678630889998269592,4,15
1678630890001139465,4,15
1678630890003054392,4,15
1678630890004710656,4,15
1678630890006938451,4,15
1678630890009237783,4,15
1678630890011476779,4,15
1678630890013852557,4,15
1678630890016579766,4,15
1678630890018587261,4,15
1678630890020785359,4,15
1678630890023391709,4,15
1678630890026516598,4,15
1678630890029811011,4,15
1678630890032486301,4,15
1678630890038529233,4,15
1678630890041040129,4,15
1678630890047446786,4,15
1678630890055176321,4,15
1678630890057488308,4,15
1678630890059371565,4,15
1678630890112108338,2,15
1678630890122542248,2,15
1678630890127633242,2,15
1678630890130490009,2,15
1678630890133582045,2,15
1678630890150775798,2,15
1678630890170800287,2,15
1678630890173159394,2,15
1678630890175489604,2,15
1678630890177509803,2,15
1678630890179321574,2,15
1678630890181039786,2,15
1678630890208702014,2,15
1678630890212357386,2,15
1678630890216103221,2,15
1678630890218249059,2,15
1678630890258656793,2,15
1678630890260492230,2,15
1678630890263603893,2,15
1678630890266420583,2,15
1678630890268755012,2,15
1678630890271568516,2,15
1678630890274311335,2,15
1678630890281005552,2,15
1678630890287230493,2,15
1678630890289391271,2,15
1678630890291309795,2,15
1678630890293488597,2,15
1678630890295607053,2,15
1678630890314566457,0,15
1678630890334682982,0,15
1678630890354700980,0,15
1678630890367443478,0,15
1678630890370573848,0,15
1678630890372348417,0,15
1678630890374544483,0,15
1678630890378798249,0,15
1678630890380732463,0,15
1678630890405042968,0,15
1678630890408551851,0,15
1678630890410927229,0,15
1678630890416227533,0,15
1678630890418893765,0,15
1678630890421454346,0,15
1678630890423424359,0,15
1678630890425666932,0,15
1678630890429040486,0,15
1678630890431376889,0,15
1678630890434231482,0,15
1678630890436902264,0,15
1678630890438970214,0,15
1678630890441134528,0,15
1678630890443183632,0,15
1678630890444996425,0,15
1678630890450327587,0,15
1678630890455908758,0,15
1678630890457783539,0,15
1678630890459623263,0,15
1678630890461619706,0,15
1678630890463333430,0,15
1678630890465147797,0,15
1678630890467429174,0,15
1678630890469991248,0,15
1678630890473661689,0,15
1678630890475830642,0,15
1678630890477632724,0,15
1678630890479339384,0,15
1678630890481096359,0,15
1678630890483087092,0,15
1678630890484820192,0,15
1678630890486855901,0,15
1678630890488877492,0,15
1678630890490626663,0,15
1678630890492719951,0,15
1678630890496054642,0,15
1678630890497938170,0,15
1678630890499662624,0,15
1678630890501393159,0,15
1678630890503069000,0,15
1678630890504895800,0,15
1678630890508702440,0,15
1678630890511111712,0,15
1678630890512989579,0,15
1678630890524043083,0,15
1678630890526226615,0,15
1678630890528244549,0,15
1678630890530070917,0,15
1678630890531769492,0,15
1678630890533991506,0,15
1678630890536049397,0,15
1678630890537837111,0,15
1678630890539547268,0,15
1678630890541715790,0,15
1678630890543428481,0,15
1678630890573485013,0,15
1678630890576068016,0,15
1678630890578222902,0,15
1678630890580113023,0,15
1678630890581935404,0,15
1678630890586899898,0,15
1678630890588937470,0,15
1678630890592500806,0,15
1678630890594904557,0,15
1678630890597192126,0,15
1678630890599046559,0,15
1678630890601573726,0,15
1678630890603672374,0,15
1678630890606033284,0,15
1678630890608679498,0,15
1678630890614677837,0,15
1678630890617324102,0,15
1678630890644693551,0,15
1678630890652956644,0,15
1678630890655378560,0,15
1678630890657670267,0,15
1678630890659467650,0,15
1678630890661374001,0,15
1678630890666885779,0,15
1678630890669337723,0,15
1678630890671746805,0,15
1678630890673908184,0,15
1678630890676301495,0,15
1678630890678369636,0,15
1678630890680225681,0,15
1678630890682073029,0,15
1678630890683898917,0,15
1678630890686190193,0,15
1678630890688885321,0,15
1678630890691194722,0,15
1678630890693714796,0,15
1678630890696223027,0,15
1678630890698790532,1,15
1678630890727313284,1,15
1678630890729276805,1,15
1678630890731208344,1,15
1678630890733337581,1,15
1678630890735431531,1,15
1678630890737279651,1,15
1678630890739370314,1,15
1678630890741842887,1,15
1678630890780207347,1,15
1678630890781996304,1,15
1678630890784314692,1,15
1678630890786503354,1,15
1678630890788682727,1,15
1678630890790553310,1,15
1678630890792354010,1,15
1678630890794654233,1,15
1678630890796779693,1,15
1678630890799923558,1,15
1678630890801888672,1,15
1678630890803944689,1,15
1678630890806543072,1,15
1678630890809680204,1,15
1678630890811676848,1,15
1678630890815629689,1,15
1678630890823265805,1,15
1678630890830483181,1,15
1678630890832735312,1,15
1678630890835084890,1,15
1678630890837241379,1,15
1678630890839931988,1,15
1678630890842281346,1,15
1678630890847035537,1,15
1678630890849267131,1,15
1678630890851229920,1,15
1678630890853460220,1,15
1678630890855721479,1,15
1678630890857804237,1,15
1678630890860351693,1,15
1678630890862169726,1,15
1678630890864438339,1,15
1678630890866707954,1,15
1678630890868978541,1,15
1678630890870956469,1,15
1678630890872814568,1,15
1678630890874836691,1,15
1678630890877189736,1,15
1678630890878980076,1,15
1678630890880722885,1,15
1678630890882593227,1,15
1678630890884391783,1,15
1678630890886497525,1,15
1678630890888618867,1,15
1678630890890565595,1,15
1678630890892424335,1,15
1678630890894871209,1,15
1678630890896820613,1,15
1678630890898620430,1,15
1678630890900461587,1,15
1678630890902195550,1,15
1678630890903957867,1,15
1678630890906188969,1,13
1678630890914332854,2,13
1678630890918123133,2,13
1678630890941017936,2,13
1678630890943139819,2,13
1678630890946112617,2,13
1678630890948384997,2,13
1678630890950398894,2,13
1678630890972372687,2,13
1678630890974571857,2,13
1678630890976724860,2,13
1678630890978654676,2,13
1678630890980570956,2,13
1678630890983663904,2,13
1678630890985727435,2,13
1678630891016506517,2,13
1678630891018793024,2,13
1678630891020767696,2,13
1678630891022724504,2,13
1678630891026079702,2,13
1678630891028951959,2,13
1678630891031419772,2,13
1678630891041386049,2,13
1678630891047787718,2,13
1678630891050144079,2,13
1678630891052160139,2,13
1678630891054562658,2,13
1678630891056964566,2,13
1678630891079504929,2,17
1678630891113885350,1,17
1678630891118168401,1,17
1678630891120451141,1,17
1678630891122552054,1,17
1678630891124925617,1,17
1678630891127654139,1,17
1678630891129810368,1,17
1678630891139787545,1,17
1678630891141817512,1,17
1678630891143737890,1,17
1678630891146069634,1,17
1678630891148324751,1,17
1678630891150330152,1,17
1678630891152352635,1,17
1678630891155202688,1,17
1678630891157314402,1,17
1678630891159123287,1,17
1678630891161269426,1,17
1678630891163116023,1,17
1678630891165995935,1,17
1678630891168370271,1,17
1678630891170277384,1,17
1678630891193718969,1,17
1678630891196390391,1,17
1678630891198587428,1,17
1678630891201526722,1,17
1678630891203834831,1,17
1678630891208445587,1,17
1678630891210822037,1,17
1678630891213199147,1,17
1678630891215870660,1,17
1678630891218306272,1,17
1678630891220637875,1,17
1678630891223378089,1,17
1678630891225644468,1,17
1678630891229287647,1,17
1678630891231497790,1,17
1678630891234629422,1,17
1678630891240843932,1,17
1678630891248136291,1,17
1678630891250273703,1,17
1678630891252309041,1,17
1678630891255440472,1,17
1678630891257533841,1,17
1678630891259336103,1,17
1678630891261201927,1,17
1678630891263029708,1,17
1678630891265660623,1,17
1678630891268259076,1,17
1678630891270307780,1,17
1678630891273542638,1,17
1678630891277238027,1,17
1678630891278968091,1,17
1678630891280944025,1,17
1678630891283535285,0,15
1678630891318811697,0,15
1678630891320585785,0,15
1678630891323714261,0,15
1678630891327402436,0,15
1678630891329276185,0,15
1678630891332927218,0,15
1678630891335733919,0,15
1678630891337874358,0,15
1678630891342128503,0,15
1678630891344846134,0,15
1678630891347134064,0,15
1678630891349182737,0,15
1678630891351065093,0,15
1678630891353254655,0,15
1678630891356182617,0,15
1678630891358977116,0,15
1678630891360720066,0,15
1678630891362504034,0,15
1678630891365811401,0,15
1678630891368140680,0,15
1678630891370381139,0,15
1678630891373577845,0,15
1678630891375756296,0,15
1678630891377784931,0,15
1678630891379941370,0,15
1678630891381877037,0,15
1678630891383663529,0,15
1678630891386235913,0,15
1678630891388389516,0,15
1678630891390959365,0,15
1678630891418578480,0,15
1678630891420919803,0,15
1678630891423219766,0,15
1678630891427810625,0,15
1678630891430821846,0,15
1678630891433039853,0,15
1678630891435639839,0,15
1678630891438193867,0,15
1678630891440777442,0,15
1678630891442732877,0,15
1678630891444780358,0,15
1678630891450171285,0,15
1678630891456811678,0,15
1678630891459791871,0,15
1678630891461758036,0,15
1678630891464349476,0,15
1678630891466888245,0,15
1678630891487265418,0,15
1678630891489380158,0,15
1678630891491658760,2,13
1678630891518191449,2,13
1678630891520486673,2,13
1678630891522459512,2,13
1678630891524542160,2,13
1678630891545754246,2,13
1678630891548217962,2,13
1678630891550091801,2,13
1678630891551901869,2,13
1678630891554029794,2,13
1678630891556192065,2,13
1678630891558544147,2,13
1678630891560472420,2,13
1678630891562831997,2,13
1678630891565408709,2,13
1678630891567543607,2,13
1678630891569840734,2,13
1678630891571685398,2,13
1678630891573984078,2,13
1678630891576467301,2,13
1678630891578323717,2,13
1678630891580658026,2,13
1678630891647113672,2,13
1678630891649581566,2,13
1678630891651899112,2,13
1678630891654831233,2,13
1678630891656994224,2,13
1678630891659163778,2,13
1678630891662015776,2,13
1678630891664262086,2,13
1678630891666563382,2,13
1678630891668927979,2,13
1678630891671435328,2,13
1678630891673889075,2,13
1678630891676538685,2,13
1678630891678693973,2,13
1678630891702442225,2,13
1678630891705406717,2,12
1678630891713659320,1,12
1678630891719754893,1,12
1678630891722555592,1,12
1678630891726507811,1,12
1678630891729430554,1,12
1678630891731934106,1,12
1678630891734930980,1,12
1678630891737237125,1,12
1678630891739324802,1,12
1678630891741322358,1,12
1678630891743316438,1,12
1678630891745486824,1,12
1678630891747916154,1,12
1678630891750015614,1,12
1678630891752000806,1,12
1678630891754912638,1,12
1678630891756939990,1,12
1678630891759415238,1,12
1678630891763824510,1,12
1678630891765919602,1,12
1678630891768744498,1,12
1678630891770513136,1,12
1678630891772449214,1,12
1678630891774505261,1,12
1678630891777162867,1,12
1678630891779061414,1,12
1678630891780795005,1,12
1678630891782546520,1,12
1678630891784221510,1,12
1678630891786434436,1,12
1678630891789629359,1,12
1678630891791428876,1,12
1678630891793468432,1,12
1678630891795660839,1,12
1678630891797431211,1,12
1678630891799135947,1,12
1678630891800779927,1,12
1678630891802530532,1,12
1678630891804227323,1,12
1678630891806392890,1,12
1678630891808495937,1,12
1678630891810700087,1,12
1678630891812823763,1,12
1678630891815188029,1,12
1678630891817256941,1,12
1678630891819000111,1,12
1678630891820678777,1,12
1678630891822354097,1,12
1678630891824163874,1,12
1678630891826963932,1,12
1678630891829356672,1,12
1678630891831614886,1,12
1678630891834037483,1,12
1678630891836139348,1,12
1678630891837928345,1,12
1678630891839622961,1,12
1678630891842188191,1,12
1678630891844064936,1,12
1678630891846334160,1,12
1678630891848823295,1,12
1678630891850705570,1,12
1678630891879610281,1,12
1678630891881335918,1,12
1678630891883115056,1,12
1678630891886353351,1,12
1678630891888996650,1,12
1678630891891052597,1,12
1678630891898786148,1,12
1678630891905789515,2,10
1678630891930117243,2,10
1678630891932028946,2,10
1678630891934166599,2,10
1678630891936354628,2,10
1678630891938180285,2,10
1678630891939990273,2,10
1678630891957815600,2,10
1678630891959494657,2,10
1678630891961396580,2,10
1678630891987548983,2,10
1678630891989378257,2,10
1678630891991054088,2,10
1678630891993134912,2,10
1678630891995196451,2,10
1678630891996994746,2,10
1678630891998674274,2,10
1678630892000335878,2,10
1678630892002011348,2,10
1678630892003674776,2,10
1678630892005723769,2,10
1678630892007913731,2,10
1678630892009971030,2,10
1678630892011770056,2,10
1678630892015041405,2,10
1678630892017122119,2,10
1678630892018879706,2,10
1678630892020580855,2,10
1678630892022238862,2,10
1678630892023899264,2,10
1678630892026271014,2,10
1678630892028437031,2,10
1678630892030501514,2,10
1678630892033321721,2,10
1678630892035496706,2,10
1678630892037563313,2,10
1678630892039574214,2,10
1678630892041340658,2,10
1678630892042992773,2,10
1678630892044654778,2,10
1678630892046865531,2,10
1678630892049027510,2,10
1678630892051462231,2,10
1678630892053530451,2,10
1678630892055660199,2,10
1678630892057545290,2,10
1678630892059210460,2,10
1678630892060890429,2,10
1678630892062561431,2,10
1678630892064242682,2,10
1678630892066653236,2,10
1678630892068692952,2,10
1678630892070456571,2,10
1678630892073300122,2,10
1678630892075549439,2,10
1678630892081514152,2,10
1678630892098087417,2,10
1678630892100201886,2,10
1678630892101879280,2,10
1678630892103603724,2,10
1678630892105733421,2,21
1678630892113988247,0,21
1678630892117470068,0,21
1678630892119147943,0,21
1678630892120825737,0,21
1678630892122515204,0,21
1678630892124187038,0,21
1678630892126263053,0,21
1678630892128407519,0,21
1678630892130182489,0,21
1678630892131886885,0,21
1678630892133981566,0,21
1678630892136158524,0,21
1678630892137958512,0,21
1678630892139622420,0,21
1678630892141358396,0,21
1678630892143029588,0,21
1678630892145359578,0,21
1678630892147407390,0,21
1678630892149537809,0,21
1678630892151300576,0,21
1678630892153359799,0,21
1678630892155579208,0,21
1678630892157375640,0,21
1678630892159037724,0,21
1678630892160695020,0,21
1678630892162354981,0,21
1678630892164014310,0,21
1678630892166051852,0,21
1678630892168108380,0,21
1678630892169850668,0,21
1678630892171748423,0,21
1678630892173821232,0,21
1678630892175886236,0,21
1678630892177693328,0,21
1678630892179357096,0,21
1678630892181017898,0,21
1678630892182693739,0,21
1678630892184435235,0,21
1678630892186391953,0,21
1678630892188446617,0,21
1678630892190171752,0,21
1678630892191959597,0,21
1678630892194023139,0,21
1678630892195977542,0,21
1678630892197735770,0,21
1678630892199417061,0,21
1678630892201088103,0,21
1678630892202756961,0,21
1678630892204425087,0,21
1678630892207925553,0,21
1678630892210147928,0,21
1678630892211855499,0,21
1678630892215129583,0,21
1678630892217230205,0,21
1678630892219016527,0,21
1678630892220724229,0,21
1678630892222429567,0,21
1678630892224478029,0,21
1678630892227206811,0,21
1678630892229407705,0,21
1678630892231846814,0,21
1678630892240008974,0,21
1678630892245337753,0,21
1678630892247421984,0,21
1678630892249479804,0,21
1678630892251297486,0,21
1678630892253371798,0,21
1678630892255611546,0,21
1678630892257425511,0,21
1678630892259176636,0,21
1678630892260855593,0,21
1678630892262774227,0,21
1678630892264457703,0,21
1678630892266621586,0,21
1678630892268681000,0,21
1678630892270441131,0,21
1678630892272406004,0,21
1678630892274549378,0,21
1678630892276659048,0,21
1678630892278413870,0,21
1678630892280088829,0,21
1678630892281762556,0,21
1678630892283455850,0,21
1678630892285513821,0,21
1678630892287687062,0,21
1678630892289486058,0,21
1678630892291223457,0,21
1678630892293313379,0,21
1678630892295371640,0,21
1678630892297192198,0,21
1678630892298862017,0,21
1678630892300528049,0,21
1678630892302198730,0,21
1678630892303869512,0,21
1678630892306037362,0,19
1678630892313801753,0,19
1678630892318636227,0,19
1678630892320327107,0,19
1678630892322000162,0,19
1678630892323666385,0,19
1678630892326070256,0,19
1678630892328181840,0,19
1678630892330231324,0,19
1678630892332605860,0,19
1678630892334970266,0,19
1678630892337023448,0,19
1678630892339087230,0,19
1678630892340757831,0,19
1678630892342455393,0,19
1678630892344119231,0,19
1678630892346187151,0,19
1678630892348212620,0,19
1678630892350240974,0,19
1678630892351892027,0,19
1678630892353942344,0,19
1678630892356694691,0,19
1678630892358505940,0,19
1678630892360174888,0,19
1678630892361840700,0,19
1678630892363567759,0,19
1678630892365671718,0,19
1678630892367804401,0,19
1678630892369612865,0,19
1678630892371382385,0,19
1678630892373951522,0,19
1678630892376585113,0,19
1678630892378740991,0,19
1678630892381258279,0,19
1678630892386767041,0,19
1678630892393695835,0,19
1678630892395695294,0,19
1678630892397451038,0,19
1678630892399128943,0,19
1678630892400808741,0,19
1678630892402484212,0,19
1678630892404210008,0,19
1678630892406298196,0,19
1678630892408451610,0,19
1678630892410532795,0,19
1678630892412487679,0,19
1678630892414996120,0,19
1678630892417093556,0,19
1678630892418854600,0,19
1678630892420595094,0,19
1678630892422272468,0,19
1678630892423944682,0,19
1678630892426524690,0,19
1678630892429006791,0,19
1678630892431116010,0,19
1678630892433522346,0,19
1678630892435604934,0,19
1678630892437416494,0,19
1678630892439099569,0,19
1678630892441022923,0,19
1678630892442744341,0,19
1678630892444408439,0,19
1678630892446524211,0,19
1678630892448586470,0,19
1678630892450385035,0,19
1678630892452118947,0,19
1678630892454236291,0,19
1678630892456377481,0,19
1678630892458198499,0,19
1678630892459869621,0,19
1678630892461542897,0,19
1678630892463790490,0,19
1678630892465846217,0,19
1678630892467899849,0,19
1678630892469692453,0,19
1678630892471367843,0,19
1678630892473336433,0,19
1678630892475402039,0,19
1678630892477186628,0,19
1678630892479551845,0,19
1678630892481222857,0,19
1678630892482891705,0,19
1678630892484633532,0,19
1678630892486718213,0,19
1678630892488900602,0,19
1678630892490600509,0,19
1678630892492605939,0,19
1678630892494652368,0,19
1678630892496592324,0,19
1678630892498322939,0,19
1678630892499981136,0,19
1678630892501642800,0,19
1678630892503399987,0,19
1678630892505469289,0,15
1678630892513663651,0,15
1678630892517650546,0,15
1678630892519369870,0,15
1678630892521085908,0,15
1678630892523088051,0,15
1678630892525921112,0,15
1678630892528462676,0,15
1678630892530514816,0,15
1678630892538724968,0,15
1678630892544920912,0,15
1678630892547025202,0,15
1678630892549099494,0,15
1678630892550932725,0,15
1678630892553042525,0,15
1678630892555195077,0,15
1678630892557219203,0,15
1678630892558908610,0,15
1678630892560589470,0,15
1678630892562259139,0,15
1678630892563961751,0,15
1678630892566017378,0,15
1678630892568085007,0,15
1678630892569882220,0,15
1678630892571558211,0,15
1678630892573611182,0,15
1678630892575693440,0,15
1678630892577512574,0,15
1678630892579194076,0,15
1678630892580874035,0,15
1678630892582585604,0,15
1678630892584344754,0,15
1678630892586425358,0,15
1678630892588482337,0,15
1678630892590245345,0,15
1678630892591934812,0,15
1678630892594029643,0,15
1678630892596090369,0,15
1678630892597867854,0,15
1678630892599588871,0,15
1678630892601289129,0,15
1678630892603054300,0,15
1678630892605005277,0,15
1678630892607836094,0,15
1678630892609962506,0,15
1678630892611757965,0,15
1678630892615058950,0,15
1678630892617110358,0,15
1678630892618952697,0,15
1678630892620625813,0,15
1678630892622308517,0,15
1678630892623974509,0,15
1678630892626940254,0,15
1678630892629717970,0,15
1678630892631757886,0,15
1678630892633903835,0,15
1678630892636124527,0,15
1678630892637942649,0,15
1678630892639626736,0,15
1678630892641301936,0,15
1678630892642968158,0,15
1678630892644847598,0,15
1678630892646917542,0,15
1678630892648980863,0,15
1678630892650773537,0,15
1678630892652753940,0,15
1678630892654842599,0,15
1678630892656893286,0,15
1678630892658823593,0,15
1678630892660493573,0,15
1678630892662166989,0,15
1678630892663816259,0,15
1678630892665946799,0,15
1678630892668147442,0,15
1678630892670198410,0,15
1678630892672520705,0,15
1678630892674656395,0,15
1678630892680663809,0,15
1678630892686224060,0,15
1678630892688362524,0,15
1678630892690119570,0,15
1678630892691912114,0,15
1678630892693849936,0,15
1678630892695968642,0,15
1678630892697710990,0,15
1678630892699354069,0,15
1678630892700996566,0,15
1678630892702640666,0,15
1678630892704324012,0,15
1678630892713163906,0,15
1678630892718195226,0,15
1678630892719879814,0,15
1678630892721559663,0,15
1678630892723240784,0,15
1678630892725407663,0,15
1678630892727666858,0,15
1678630892729709860,0,15
1678630892731830671,0,15
1678630892734409126,0,15
1678630892736489870,0,15
1678630892738636050,0,15
1678630892740294598,0,15
1678630892741941894,0,15
1678630892743599480,0,15
1678630892745682028,0,15
1678630892747860549,0,15
1678630892749669434,0,15
1678630892751348732,0,15
1678630892753416702,0,15
1678630892755556919,0,15
1678630892757366706,0,15
1678630892759034462,0,15
1678630892760700083,0,15
1678630892762387406,0,15
1678630892764115126,0,15
1678630892766218203,0,15
1678630892768276845,0,15
1678630892770093996,0,15
1678630892771839049,0,15
1678630892773884406,0,15
1678630892775905016,0,15
1678630892777638146,0,15
1678630892779307034,0,15
1678630892780963387,0,15
1678630892782616194,0,15
1678630892784262018,0,15
1678630892786437423,0,15
1678630892788571670,0,15
1678630892790312996,0,15
1678630892792141278,0,15
1678630892794321873,0,15
1678630892796491637,0,15
1678630892798246168,0,15
1678630892799904746,0,15
1678630892801563465,0,15
1678630892803354886,0,15
1678630892805394713,0,15
1678630892807610345,0,15
1678630892809676882,0,15
1678630892811857287,0,15
1678630892815113456,0,15
1678630892817507599,0,15
1678630892819432135,0,15
1678630892822142853,0,15
1678630892828469166,0,15
1678630892835671313,0,15
1678630892837421826,0,15
1678630892839097647,0,15
1678630892840779269,0,15
1678630892842500206,0,15
1678630892844188922,0,15
1678630892846508142,0,15
1678630892848653800,0,15
1678630892850411257,0,15
1678630892852304633,0,15
1678630892854359138,0,15
1678630892856453678,0,15
1678630892858220794,0,15
1678630892859867329,0,15
1678630892861500428,0,15
1678630892863637470,0,15
1678630892865667708,0,15
1678630892867937583,0,15
1678630892869711201,0,15
1678630892871361022,0,15
1678630892873382834,0,15
1678630892875392432,0,15
1678630892877174757,0,15
1678630892878831221,0,15
1678630892880453489,0,15
1678630892882157654,0,15
1678630892883801414,0,15
1678630892885868422,0,15
1678630892888030863,0,15
1678630892889768251,0,15
1678630892891432039,0,15
1678630892893467196,0,15
1678630892895482846,0,15
1678630892897259650,0,15
1678630892898928778,0,15
1678630892900796816,0,15
1678630892902538954,0,15
1678630892904312752,0,18
1678630892913248760,0,18
1678630892917597386,0,18
1678630892919258038,0,18
1678630892920913100,0,18
1678630892922573110,0,18
1678630892924233061,0,18
1678630892926949810,0,18
1678630892929152868,0,18
1678630892931237380,0,18
1678630892933633887,0,18
1678630892935802950,0,18
1678630892937605302,0,18
1678630892939336909,0,18
1678630892941157596,0,18
1678630892942914722,0,18
1678630892944781518,0,18
1678630892946904523,0,18
1678630892948957174,0,18
1678630892950786939,0,18
1678630892952867152,0,18
1678630892954958797,0,18
1678630892957044882,0,18
1678630892958808791,0,18
1678630892960528506,0,18
1678630892962604601,0,18
1678630892964493809,0,18
1678630892966679635,0,18
1678630892969236979,0,18
1678630892971125056,0,18
1678630892978691057,0,18
1678630892983743027,0,18
1678630892986673544,0,18
1678630892988565838,0,18
1678630892990255265,0,18
1678630892992061776,0,18
1678630892994203898,0,18
1678630892996170454,0,18
1678630892998338916,0,18
1678630892999989268,0,18
1678630893001627066,0,18
1678630893003299240,0,18
1678630893005353724,0,18
1678630893007616536,0,18
1678630893009776532,0,18
1678630893011752997,0,18
1678630893014816038,0,18
1678630893016848179,0,18
1678630893018720876,0,18
1678630893020404302,0,18
1678630893022040427,0,18
1678630893023704616,0,18
1678630893025669419,0,18
1678630893027749922,0,18
1678630893029521757,0,18
1678630893031262953,0,18
1678630893033284784,0,18
1678630893035372372,0,18
1678630893037089662,0,18
1678630893038761776,0,18
1678630893040392210,0,18
1678630893042025409,0,18
1678630893043655052,0,18
1678630893045830217,0,18
1678630893047822763,0,18
1678630893049568798,0,18
1678630893051279715,0,18
1678630893053283732,0,18
1678630893055479736,0,18
1678630893057316505,0,18
1678630893059040708,0,18
1678630893060707351,0,18
1678630893062359767,0,18
1678630893064081286,0,18
1678630893066103608,0,18
1678630893068323859,0,18
1678630893070030198,0,18
1678630893071696231,0,18
1678630893073728643,0,18
1678630893075831098,0,18
1678630893077738422,0,18
1678630893079547076,0,18
1678630893081183291,0,18
1678630893082857259,0,18
1678630893084680351,0,18
1678630893086678558,0,18
1678630893088650304,0,18
1678630893090420595,0,18
1678630893092500568,0,18
1678630893094673929,0,18
1678630893096617963,0,18
1678630893098342145,0,18
1678630893100014759,0,18
1678630893101694968,0,18
1678630893103361582,0,18
1678630893105511258,0,18
1678630893114432107,2,18
1678630893117780242,2,18
1678630893119475821,2,18
1678630893122038646,2,18
1678630893124093581,2,18
1678630893129824147,2,18
1678630893135445975,2,18
1678630893137190336,2,18
1678630893138872329,2,18
1678630893140545295,2,18
1678630893142223029,2,18
1678630893143864164,2,18
1678630893145893950,2,18
1678630893148014139,2,18
1678630893149855155,2,18
1678630893151517871,2,18
1678630893153612572,2,18
1678630893155777457,2,18
1678630893157551385,2,18
1678630893159203391,2,18
1678630893160842331,2,18
1678630893162527680,2,18
1678630893164193963,2,18
1678630893166238859,2,18
1678630893168241434,2,18
1678630893169979263,2,18
1678630893171700501,2,18
1678630893173792026,2,18
1678630893175868332,2,18
1678630893177611031,2,18
1678630893179268296,2,18
1678630893181624416,2,18
1678630893183633584,2,18
1678630893185897478,2,18
1678630893188037846,2,18
1678630893189816794,2,18
1678630893191624808,2,18
1678630893193609719,2,18
1678630893195609628,2,18
1678630893197426558,2,18
1678630893199055970,2,18
1678630893200707705,2,18
1678630893202339391,2,18
1678630893204134761,2,18
1678630893207785163,2,18
1678630893209810291,2,18
1678630893211535917,2,18
1678630893214776357,2,18
1678630893245735940,2,18
1678630893247984935,2,18
1678630893250160280,2,18
1678630893252217229,2,18
1678630893254503196,2,18
1678630893256578880,2,18
1678630893259026034,2,18
1678630893260933398,2,18
1678630893262731652,2,18
1678630893264769124,2,18
1678630893267086701,2,18
1678630893269208934,2,18
1678630893275230827,2,18
1678630893277207041,2,18
1678630893279546420,2,18
1678630893282112341,2,18
1678630893283938429,2,18
1678630893286840892,2,18
1678630893292569763,2,18
1678630893298955310,2,18
1678630893300808189,2,18
1678630893303221829,2,18
1678630893305423294,2,17
1678630893313672591,1,17
1678630893317315078,1,17
1678630893319041796,1,17
1678630893320895928,1,17
1678630893322585465,1,17
1678630893324314868,1,17
1678630893326901589,1,17
1678630893329248001,1,17
1678630893331304078,1,17
1678630893333484082,1,17
1678630893335635551,1,17
1678630893337719552,1,17
1678630893339659277,1,17
1678630893341311973,1,17
1678630893342966633,1,17
1678630893344883414,1,17
1678630893346925734,1,17
1678630893349036456,1,17
1678630893350833008,1,17
1678630893352865540,1,17
1678630893354960060,1,17
1678630893356894846,1,17
1678630893358739840,1,17
1678630893360882402,1,17
1678630893362958047,1,17
1678630893365008163,1,17
1678630893367018773,1,17
1678630893368765279,1,17
1678630893370432093,1,17
1678630893372357200,1,17
1678630893374521734,1,17
1678630893376382499,1,17
1678630893378037700,1,17
1678630893379679967,1,17
1678630893381337443,1,17
1678630893383047419,1,17
1678630893385006952,1,17
1678630893387156217,1,17
1678630893388896301,1,17
1678630893390542795,1,17
1678630893392575847,1,17
1678630893394591006,1,17
1678630893396591858,1,17
1678630893398325990,1,17
1678630893399972746,1,17
1678630893401614782,1,17
1678630893403264062,1,17
1678630893405290102,1,17
1678630893407559437,1,17
1678630893409620884,1,17
1678630893411343003,1,17
1678630893414921839,1,17
1678630893416966094,1,17
1678630893419221732,1,17
1678630893442680638,1,17
1678630893444440881,1,17
1678630893446663215,1,17
1678630893448683073,1,17
1678630893450466380,1,17
1678630893452961165,1,17
1678630893455257781,1,17
1678630893458234788,1,17
1678630893460050766,1,17
1678630893462050616,1,17
1678630893467616988,1,17
1678630893473433378,1,17
1678630893475498873,1,17
1678630893477272611,1,17
1678630893478941719,1,17
1678630893480599616,1,17
1678630893482275878,1,17
1678630893484081446,1,17
1678630893486155227,1,17
1678630893488198228,1,17
1678630893490038563,1,17
1678630893491811209,1,17
1678630893494024096,1,17
1678630893496273502,1,17
1678630893498044725,1,17
1678630893499706299,1,17
1678630893501368634,1,17
1678630893503119328,1,17
1678630893505153934,1,19
1678630893510284003,1,19
1678630893512364557,2,19
1678630893517818324,2,19
1678630893519513422,2,19
1678630893521292840,2,19
1678630893523046069,2,19
1678630893525398633,2,19
1678630893527633111,2,19
1678630893529684239,2,19
1678630893531816742,2,19
1678630893534126513,2,19
1678630893536126071,2,19
1678630893537861947,2,19
1678630893539581451,2,19
1678630893541270868,2,19
1678630893542913395,2,19
1678630893544998628,2,19
1678630893546981205,2,19
1678630893548786443,2,19
1678630893550463276,2,19
1678630893552505707,2,19
1678630893554483815,2,19
1678630893556736428,2,19
1678630893558650444,2,19
1678630893560460631,2,19
1678630893562147924,2,19
1678630893563819617,2,19
1678630893566022505,2,19
1678630893568153936,2,19
1678630893569971929,2,19
1678630893571664722,2,19
1678630893573902937,2,19
1678630893575921312,2,19
1678630893577835859,2,19
1678630893579702344,2,19
1678630893581337507,2,19
1678630893583043655,2,19
1678630893585099251,2,19
1678630893587295977,2,19
1678630893589094963,2,19
1678630893590821902,2,19
1678630893592938865,2,19
1678630893595115793,2,19
1678630893596903678,2,19
1678630893598551195,2,19
1678630893600222708,2,19
1678630893601866317,2,19
1678630893604797917,2,19
1678630893607635717,2,19
1678630893609765315,2,19
1678630893611678940,2,19
1678630893614657329,2,19
1678630893621635267,2,19
1678630893628431518,2,19
1678630893630479088,2,19
1678630893632665343,2,19
1678630893634685021,2,19
1678630893636499917,2,19
1678630893638295878,2,19
1678630893640042474,2,19
1678630893641672818,2,19
1678630893643325274,2,19
1678630893645353118,2,19
1678630893647603326,2,19
1678630893649388375,2,19
1678630893651036663,2,19
1678630893653187642,2,19
1678630893655293394,2,19
1678630893657456055,2,19
1678630893659092811,2,19
1678630893660772570,2,19
1678630893662755998,2,19
1678630893664769344,2,19
1678630893666883822,2,19
1678630893668701665,2,19
1678630893670384028,2,19
1678630893672333622,2,19
1678630893674367697,2,19
1678630893676221909,2,19
1678630893677888181,2,19
1678630893679528114,2,19
1678630893681250433,2,19
1678630893682992009,2,19
1678630893685123239,2,19
1678630893687286230,2,19
1678630893689032987,2,19
1678630893690839688,2,19
1678630893692908429,2,19
1678630893694978022,2,19
1678630893696892659,2,19
1678630893698669704,2,19
1678630893700402834,2,19
1678630893702061151,2,19
1678630893703850118,2,19
1678630893705921996,2,14
1678630893713518997,2,14
1678630893717809692,2,14
1678630893719541290,2,14
1678630893721379831,2,14
1678630893723097843,2,14
1678630893725699252,2,14
1678630893727773984,2,14
1678630893729879285,2,14
1678630893731921455,2,14
1678630893733974887,2,14
1678630893736122809,2,14
1678630893737798410,2,14
1678630893739572759,2,14
1678630893741265202,2,14
1678630893742904884,2,14
1678630893745031486,2,14
1678630893747676918,2,14
1678630893749472378,2,14
1678630893751124093,2,14
1678630893753165762,2,14
1678630893755516172,2,14
1678630893757902219,2,14
1678630893759857664,2,14
1678630893761680707,2,14
1678630893763503959,2,14
1678630893765593250,2,14
1678630893767702789,2,14
1678630893769505061,2,14
1678630893771181383,2,14
1678630893778969138,2,14
1678630893783964258,2,14
1678630893786065140,2,14
1678630893788055222,2,14
1678630893789770508,2,14
1678630893791538906,2,14
1678630893793687991,2,14
1678630893795716525,2,14
1678630893797472820,2,14
1678630893799109245,2,14
1678630893800744018,2,14
1678630893802388930,2,14
1678630893804026107,2,14
1678630893807525351,2,14
1678630893809478441,2,14
1678630893811117041,2,14
1678630893814606626,2,14
1678630893816693062,2,14
1678630893818595656,2,14
1678630893820237542,2,14
1678630893821911870,2,14
1678630893823561911,2,14
1678630893826178008,2,14
1678630893829146947,2,14
1678630893831205179,2,14
1678630893834219266,2,14
1678630893836460637,2,14
1678630893838484964,2,14
1678630893858910187,2,14
1678630893860569937,2,14
1678630893862222273,2,14
1678630893863967597,2,14
1678630893866006401,2,14
1678630893868066165,2,14
1678630893869858699,2,14
1678630893871514682,2,14
1678630893873553536,2,14
1678630893875493661,2,14
1678630893877392357,2,14
1678630893879111391,2,14
1678630893880825905,2,14
1678630893882522666,2,14
1678630893884249274,2,14
1678630893886381136,2,14
1678630893888520182,2,14
1678630893890355437,2,14
1678630893892529710,2,14
1678630893894479204,2,14
1678630893896293830,2,14
1678630893898145898,2,14
1678630893899791300,2,14
1678630893901483272,2,14
1678630893903134917,2,14
1678630893905299582,2,21
1678630893910072889,2,21
1678630893912130790,2,21
1678630893917384685,2,21
1678630893919098188,2,21
1678630893921908004,2,21
1678630893924011351,2,21
1678630893927038032,2,21
1678630893929143162,2,21
1678630893931189681,2,21
1678630893933715065,2,21
1678630893941890701,2,21
1678630893948446663,2,21
1678630893950607270,2,21
1678630893952736267,2,21
1678630893954911191,2,21
1678630893956795500,2,21
1678630893958459919,2,21
1678630893960103108,2,21
1678630893961743010,2,21
1678630893963390357,2,21
1678630893965466983,2,21
1678630893967576192,2,21
1678630893969434832,2,21
1678630893971068321,2,21
1678630893973101945,2,21
1678630893975118136,2,21
1678630893977034546,2,21
1678630893978666443,2,21
1678630893980323178,2,21
1678630893982015560,2,21
1678630893983716779,2,21
1678630893986004038,2,21
1678630893988112876,2,21
1678630893989924607,2,21
1678630893991653960,2,21
1678630893993808696,2,21
1678630893995764050,2,21
1678630893997480048,2,21
1678630893999152132,2,21
1678630894000788698,2,21
1678630894002433880,2,21
1678630894004074764,2,21
1678630894007450663,2,21
1678630894009378385,2,21
1678630894011117416,2,21
1678630894014477373,2,21
1678630894016590749,2,21
1678630894018408721,2,21
1678630894020036601,2,21
1678630894021661023,2,21
1678630894023291177,2,21
1678630894025855014,2,21
1678630894027989812,2,21
1678630894030135430,2,21
1678630894032332036,2,21
1678630894034512851,2,21
1678630894036338608,2,21
1678630894038053985,2,21
1678630894039703756,2,21
1678630894041374998,2,21
1678630894043026762,2,21
1678630894045038845,2,21
1678630894047293722,2,21
1678630894049038334,2,21
1678630894050693926,2,21
1678630894052751025,2,21
1678630894054952931,2,21
1678630894056801692,2,21
1678630894058542347,2,21
1678630894060260429,2,21
1678630894061951749,2,21
1678630894063703756,2,21
1678630894065774481,2,21
1678630894067835677,2,21
1678630894069559920,2,21
1678630894071262612,2,21
1678630894073317867,2,21
1678630894075373554,2,21
1678630894077176538,2,21
1678630894078933955,2,21
1678630894081051930,2,21
1678630894083447466,2,21
1678630894085628952,2,21
1678630894092242112,2,21
1678630894097312056,2,21
1678630894098978098,2,21
1678630894100681913,2,21
1678630894102320993,2,21
1678630894104116002,2,15
1678630894114565190,3,15
1678630894117324831,3,15
1678630894119013737,3,15
1678630894120669007,3,15
1678630894122420152,3,15
1678630894124213848,3,15
1678630894126780491,3,15
1678630894129015510,3,15
1678630894131253404,3,15
1678630894133627429,3,15
1678630894136651365,3,15
1678630894156228446,3,15
1678630894157868859,3,15
1678630894159515615,3,15
1678630894161204070,3,15
1678630894162908325,3,15
1678630894165039706,3,15
1678630894167124659,3,15
1678630894168888367,3,15
1678630894170578295,3,15
1678630894172684577,3,15
1678630894174804135,3,15
1678630894176716598,3,15
1678630894178373673,3,15
1678630894180173471,3,15
1678630894181837289,3,15
1678630894183505505,3,15
1678630894185653448,3,15
1678630894187788796,3,15
1678630894189535423,3,15
1678630894191261089,3,15
1678630894193265327,3,15
1678630894195468815,3,15
1678630894197417306,3,15
1678630894199086935,3,15
1678630894200773947,3,15
1678630894202451511,3,15
1678630894204182548,3,15
1678630894207411004,3,15
1678630894209514572,3,15
1678630894211238535,3,15
1678630894214654299,3,15
1678630894216704155,3,15
1678630894218494144,3,15
1678630894220139677,3,15
1678630894221786602,3,15
1678630894223913644,3,15
1678630894226414109,3,15
1678630894228587180,3,15
1678630894238703814,3,15
1678630894244716929,3,15
1678630894246864149,3,15
1678630894249002302,3,15
1678630894250788003,3,15
1678630894252856144,3,15
1678630894255116731,3,15
1678630894256923953,3,15
1678630894258672483,3,15
1678630894260318908,3,15
1678630894262023183,3,15
1678630894263712650,3,15
1678630894265767245,3,15
1678630894267685418,3,15
1678630894269432445,3,15
1678630894271134366,3,15
1678630894273167800,3,15
1678630894275327825,3,15
1678630894277138813,3,15
1678630894278800848,3,15
1678630894280449196,3,15
1678630894282096242,3,15
1678630894283791009,3,15
1678630894286016821,3,15
1678630894288045726,3,15
1678630894289786661,3,15
1678630894291524961,3,15
1678630894293647095,3,15
1678630894295609173,3,15
1678630894297363563,3,15
1678630894300100169,3,15
1678630894302165935,3,15
1678630894303867094,3,15
1678630894313447453,1,15
1678630894317035747,1,15
1678630894318680408,1,15
1678630894320337914,1,15
1678630894321968980,1,15
1678630894323652706,1,15
1678630894325695637,1,15
1678630894327787031,1,15
1678630894329514680,1,15
1678630894331318336,1,15
1678630894333389301,1,15
1678630894335458554,1,15
1678630894337196674,1,15
1678630894338847567,1,15
1678630894340611606,1,15
1678630894342265115,1,15
1678630894343910377,1,15
1678630894346138042,1,15
1678630894348190001,1,15
1678630894350027701,1,15
1678630894351975631,1,15
1678630894354114446,1,15
1678630894356185702,1,15
1678630894357987884,1,15
1678630894359636854,1,15
1678630894361287046,1,15
1678630894362943640,1,15
1678630894364983156,1,15
1678630894367030656,1,15
1678630894369360446,1,15
1678630894371257340,1,15
1678630894373426262,1,15
1678630894375991843,1,15
1678630894377825064,1,15
1678630894383322513,1,15
1678630894390735602,1,15
1678630894392976182,1,15
1678630894395117041,1,15
1678630894396890248,1,15
1678630894398591928,1,15
1678630894400250637,1,15
1678630894401918642,1,15
1678630894403643747,1,15
1678630894405733447,1,15
1678630894407812729,1,15
1678630894410002672,1,15
1678630894412109506,1,15
1678630894414471908,1,15
1678630894416563814,1,15
1678630894418360967,1,15
1678630894420056024,1,15
1678630894421730613,1,15
1678630894423418387,1,15
1678630894425765029,1,15
1678630894428507896,1,15
1678630894430675476,1,15
1678630894433183677,1,15
1678630894435240706,1,15
1678630894437366757,1,15
1678630894439150624,1,15
1678630894440810284,1,15
1678630894442485194,1,15
1678630894444373360,1,15
1678630894446481767,1,15
1678630894448544147,1,15
1678630894450343023,1,15
1678630894452396615,1,15
1678630894454458362,1,15
1678630894456527674,1,15
1678630894458303155,1,15
1678630894460060852,1,15
1678630894461739929,1,15
1678630894463436931,1,15
1678630894465586296,1,15
1678630894467551871,1,15
1678630894496766280,1,15
1678630894499392807,1,15
1678630894501519619,1,15
1678630894503577700,1,15
1678630894505680356,1,15
1678630894513411872,1,15
1678630894517015375,1,15
1678630894518672901,1,15
1678630894520328724,1,15
1678630894522549386,1,15
1678630894525033400,1,15
1678630894527610272,1,15
1678630894529932547,1,15
1678630894538725411,1,15
1678630894544719410,1,15
1678630894547030254,1,15
1678630894548881650,1,15
1678630894550562340,1,15
1678630894552649116,1,15
1678630894554804813,1,15
1678630894556624559,1,15
1678630894558287806,1,15
1678630894559944509,1,15
1678630894561603247,1,15
1678630894563323503,1,15
1678630894565393497,1,15
1678630894567524527,1,15
1678630894569341458,1,15
1678630894571065581,1,15
1678630894573102822,1,15
1678630894575176864,1,15
1678630894577002450,1,15
1678630894578683331,1,15
1678630894580380393,1,15
1678630894582066733,1,15
1678630894583750679,1,15
1678630894585926865,1,15
1678630894588080188,1,15
1678630894589853695,1,15
1678630894591692888,1,15
1678630894593753434,1,15
1678630894595915824,1,15
1678630894597631652,1,15
1678630894599295941,1,15
1678630894600978484,1,15
1678630894602702718,1,15
1678630894604664084,1,15
1678630894607182595,1,15
1678630894609321610,1,15
1678630894611179318,1,15
1678630894614509578,1,15
1678630894616469621,1,15
1678630894618262867,1,15
1678630894619930893,1,15
1678630894621594520,1,15
1678630894623267376,1,15
1678630894625654265,1,15
1678630894628243631,1,15
1678630894630422182,1,15
1678630894633414637,1,15
1678630894635457518,1,15
1678630894637684181,1,15
1678630894640019652,1,15
1678630894641670745,1,15
1678630894643320456,1,15
1678630894645349041,1,15
1678630894647320417,1,15
1678630894649101669,1,15
1678630894650767621,1,15
1678630894652840370,1,15
1678630894654958075,1,15
1678630894656755989,1,15
1678630894658426370,1,15
1678630894660085859,1,15
1678630894661749487,1,15
1678630894663415147,1,15
1678630894665451075,1,15
1678630894667505439,1,15
1678630894669717975,1,15
1678630894672528353,1,15
1678630894674614568,1,15
1678630894676449343,1,15
1678630894681189827,1,15
1678630894687325897,1,15
1678630894689375681,1,15
1678630894691346966,1,15
1678630894693409586,1,15
1678630894695393305,1,15
1678630894697210115,1,15
1678630894698887720,1,15
1678630894700577928,1,15
1678630894702334553,1,15
1678630894704324895,1,18
1678630894709589410,1,18
1678630894711275390,0,18
1678630894717264368,0,18
1678630894718935931,0,18
1678630894720602885,0,18
1678630894722262725,0,18
1678630894723969415,0,18
1678630894726700943,0,18
1678630894728952343,0,18
1678630894730998782,0,18
1678630894733567408,0,18
1678630894735807867,0,18
1678630894737811955,0,18
1678630894739624055,0,18
1678630894741285809,0,18
1678630894742953735,0,18
1678630894745027926,0,18
1678630894747306408,0,18
1678630894749120624,0,18
1678630894750793509,0,18
1678630894752844126,0,18
1678630894754969966,0,18
1678630894756793980,0,18
1678630894758474019,0,18
1678630894760129541,0,18
1678630894761785785,0,18
1678630894763558380,0,18
1678630894765693126,0,18
1678630894767735427,0,18
1678630894769461965,0,18
1678630894771120743,0,18
1678630894773251523,0,18
1678630894775178534,0,18
1678630894776935430,0,18
1678630894778607243,0,18
1678630894780271863,0,18
1678630894781942534,0,18
1678630894783739676,0,18
1678630894785918849,0,18
1678630894788051172,0,18
1678630894789807125,0,18
1678630894791630056,0,18
1678630894793694118,0,18
1678630894795817644,0,18
1678630894797627331,0,18
1678630894799657699,0,18
1678630894801480070,0,18
1678630894803132626,0,18
1678630894805172743,0,18
1678630894807145732,0,18
1678630894809164437,0,18
1678630894810928757,0,18
1678630894814297922,0,18
1678630894816393454,0,18
1678630894818940288,0,18
1678630894821576163,0,18
1678630894823257815,0,18
1678630894828825279,0,18
1678630894834136804,0,18
1678630894835886055,0,18
1678630894837553390,0,18
1678630894839202861,0,18
1678630894840885294,0,18
1678630894842538501,0,18
1678630894844570111,0,18
1678630894846633873,0,18
1678630894848685722,0,18
1678630894850470080,0,18
1678630894852586232,0,18
1678630894854804078,0,18
1678630894856622942,0,18
1678630894858397792,0,18
1678630894860123298,0,18
1678630894861823496,0,18
1678630894863558379,0,18
1678630894865620698,0,18
1678630894867736298,0,18
1678630894869491540,0,18
1678630894871165858,0,18
1678630894873226414,0,18
1678630894875387101,0,18
1678630894877143085,0,18
1678630894878812103,0,18
1678630894880480540,0,18
1678630894882160960,0,18
1678630894883886065,0,18
1678630894886052964,0,18
1678630894888190066,0,18
1678630894889974374,0,18
1678630894891971869,0,18
1678630894894147755,0,18
1678630894896152914,0,18
1678630894897870143,0,18
1678630894899555262,0,18
1678630894901220453,0,18
1678630894902955386,0,18
1678630894905035199,0,22
1678630894912928405,0,22
1678630894916993079,0,22
1678630894918701642,0,22
1678630894920616559,0,22
1678630894922282150,0,22
1678630894924153504,0,22
1678630894926838493,0,22
1678630894928903727,0,22
1678630894930940337,0,22
1678630894933125591,0,22
1678630894935187249,0,22
1678630894936970716,0,22
1678630894938642900,0,22
1678630894940371281,0,22
1678630894942050368,0,22
1678630894943722262,0,22
1678630894945946690,0,22
1678630894947976697,0,22
1678630894949792745,0,22
1678630894951708163,0,22
1678630894953874141,0,22
1678630894956001434,0,22
1678630894958478395,0,22
1678630894960535053,0,22
1678630894962664881,0,22
1678630894968012205,0,22
1678630894973281979,0,22
1678630894975235530,0,22
1678630894976961507,0,22
1678630894978627319,0,22
1678630894980285536,0,22
1678630894981944074,0,22
1678630894983706631,0,22
1678630894985875924,0,22
1678630894987933414,0,22
1678630894989710148,0,22
1678630894991595499,0,22
1678630894993634824,0,22
1678630894995747348,0,22
1678630894997522889,0,22
1678630894999181417,0,22
1678630895000825186,0,22
1678630895002630705,0,22
1678630895004606449,0,22
1678630895007006393,0,22
1678630895009175877,0,22
1678630895010976606,0,22
1678630895014354007,0,22
1678630895016450271,0,22
1678630895018307688,0,22
1678630895020020108,0,22
1678630895021746185,0,22
1678630895024476229,0,22
1678630895052983528,0,22
1678630895055740022,0,22
1678630895057959250,0,22
1678630895059690587,0,22
1678630895061400463,0,22
1678630895063271717,0,22
1678630895065380565,0,22
1678630895067487139,0,22
1678630895069397628,0,22
1678630895071073729,0,22
1678630895078059060,0,22
1678630895079861263,0,22
1678630895081639770,0,22
1678630895083411023,0,22
1678630895085579154,0,22
1678630895087768905,0,22
1678630895089536391,0,22
1678630895091269852,0,22
1678630895094056765,0,22
1678630895095831675,0,22
1678630895097868886,0,22
1678630895100626884,0,22
1678630895102574294,0,18
1678630895112498218,0,18
1678630895117765829,0,18
1678630895119410581,0,18
1678630895124412373,0,18
1678630895127121607,0,18
1678630895129182945,0,18
1678630895131389639,0,18
1678630895134352990,0,18
1678630895136481936,0,18
1678630895138505982,0,18
1678630895140179118,0,18
1678630895141845681,0,18
1678630895144178586,0,18
1678630895146246906,0,18
1678630895148365012,0,18
1678630895150121326,0,18
1678630895152158698,0,18
1678630895154209936,0,18
1678630895156354462,0,18
1678630895158172213,0,18
1678630895159827084,0,18
1678630895161490120,0,18
1678630895163179647,0,18
1678630895165267424,0,18
1678630895167410889,0,18
1678630895169185268,0,18
1678630895170875466,0,18
1678630895172888361,0,18
1678630895174938215,0,18
1678630895176710410,0,18
1678630895178350262,0,18
1678630895179993691,0,18
1678630895181634364,0,18
1678630895183274066,0,18
1678630895185323351,0,18
1678630895187382674,0,18
1678630895189173515,0,18
1678630895190945028,0,18
1678630895192977731,0,18
1678630895195019750,0,18
1678630895196749083,0,18
1678630895198407069,0,18
1678630895200046110,0,18
1678630895201678097,0,18
1678630895203385809,0,18
1678630895205466604,0,18
1678630895207460682,0,18
1678630895209506961,0,18
1678630895211351904,0,18
1678630895214157302,0,18
1678630895216327006,0,18
1678630895218138927,0,18
1678630895219795090,0,18
1678630895221448057,0,18
1678630895223165297,0,18
1678630895225964023,0,18
1678630895228342696,0,18
1678630895230416617,0,18
1678630895232869762,0,18
1678630895255728351,0,18
1678630895258134036,0,18
1678630895260255488,0,18
1678630895262359877,0,18
1678630895265267019,0,18
1678630895267358764,0,18
1678630895269310001,0,18
1678630895271000660,0,18
1678630895278819685,0,18
1678630895284954191,0,18
1678630895287041277,0,18
1678630895288874278,0,18
1678630895290637246,0,18
1678630895292726516,0,18
1678630895294777834,0,18
1678630895296566401,0,18
1678630895298217814,0,18
1678630895299870170,0,18
1678630895301522395,0,18
1678630895303177897,0,18
1678630895305218805,0,18
1678630895312805577,1,18
1678630895316814604,1,18
1678630895318491056,1,18
1678630895320407655,1,18
1678630895322365304,1,18
1678630895324466718,1,18
1678630895327237982,1,18
1678630895329263280,1,18
1678630895331326491,1,18
1678630895333495453,1,18
1678630895335274881,1,18
1678630895336913931,1,18
1678630895338560697,1,18
1678630895340340897,1,18
1678630895341994876,1,18
1678630895343642012,1,18
1678630895345733337,1,18
1678630895347796438,1,18
1678630895349575035,1,18
1678630895351383979,1,18
1678630895353509588,1,18
1678630895355748164,1,18
1678630895357524497,1,18
1678630895359173677,1,18
1678630895360821294,1,18
1678630895362691326,1,18
1678630895364724740,1,18
1678630895366881620,1,18
1678630895368675546,1,18
1678630895370336077,1,18
1678630895372377255,1,18
1678630895374417933,1,18
1678630895376193835,1,18
1678630895377850269,1,18
1678630895379495030,1,18
1678630895381144591,1,18
1678630895382990437,1,18
1678630895385019983,1,18
1678630895386996497,1,18
1678630895388872540,1,18
1678630895390612083,1,18
1678630895392707305,1,18
1678630895394916905,1,18
1678630895396712705,1,18
1678630895398442359,1,18
1678630895400111387,1,18
1678630895401788370,1,18
1678630895403493797,1,18
1678630895407004652,1,18
1678630895408928386,1,18
1678630895410996576,1,18
1678630895414264759,1,18
1678630895416679762,1,18
1678630895418467837,1,18
1678630895424329952,1,18
1678630895433648120,1,18
1678630895436027695,1,18
1678630895437718415,1,18
1678630895439388714,1,18
1678630895441036892,1,18
1678630895442717652,1,18
1678630895444800370,1,18
1678630895447015401,1,18
1678630895448823865,1,18
1678630895450492733,1,18
1678630895452564440,1,18
1678630895454787777,1,18
1678630895456592393,1,18
1678630895458273664,1,18
1678630895459953943,1,18
1678630895461628771,1,18
1678630895463335652,1,18
1678630895465409393,1,18
1678630895467561764,1,18
1678630895469304793,1,18
1678630895470957360,1,18
1678630895473006373,1,18
1678630895475040367,1,18
1678630895476855884,1,18
1678630895478642276,1,18
1678630895480323959,1,18
1678630895481988748,1,18
1678630895483705538,1,18
1678630895485872987,1,18
1678630895487895561,1,18
1678630895489659320,1,18
1678630895491475889,1,18
1678630895493438668,1,18
1678630895495391838,1,18
1678630895497165094,1,18
1678630895498824704,1,18
1678630895500485967,1,18
1678630895502317456,1,18
1678630895504236501,1,15
1678630895512589254,0,15
1678630895516667223,0,15
1678630895518328225,0,15
1678630895519972706,0,15
1678630895521615133,0,15
1678630895523329368,0,15
1678630895525348975,0,15
1678630895527387558,0,15
1678630895529116059,0,15
1678630895530911629,0,15
1678630895532920997,0,15
1678630895534995900,0,15
1678630895536718941,0,15
1678630895538469575,0,15
1678630895540199759,0,15
1678630895541885269,0,15
1678630895543560338,0,15
1678630895545841104,0,15
1678630895547972364,0,15
1678630895549780347,0,15
1678630895551765128,0,15
1678630895553890077,0,15
1678630895556219005,0,15
1678630895558293608,0,15
1678630895560557903,0,15
1678630895562522956,0,15
1678630895568155763,0,15
1678630895573439345,0,15
1678630895575324767,0,15
1678630895577036707,0,15
1678630895578714010,0,15
1678630895580416091,0,15
1678630895582076753,0,15
1678630895584034672,0,15
1678630895586155562,0,15
1678630895588076031,0,15
1678630895589762161,0,15
1678630895591717706,0,15
1678630895593909052,0,15
1678630895595757192,0,15
1678630895597473300,0,15
1678630895599157566,0,15
1678630895600860889,0,15
1678630895602540397,0,15
1678630895604579561,0,15
1678630895606814160,0,15
1678630895608841722,0,15
1678630895610643804,0,15
1678630895614000596,0,15
1678630895616079175,0,15
1678630895617842613,0,15
1678630895619533743,0,15
1678630895621194255,0,15
1678630895622840018,0,15
1678630895625234472,0,15
1678630895627333842,0,15
1678630895629475773,0,15
1678630895631573910,0,15
1678630895633725420,0,15
1678630895635619276,0,15
1678630895637792126,0,15
1678630895639510278,0,15
1678630895641198622,0,15
1678630895642871257,0,15
1678630895644939087,0,15
1678630895646994463,0,15
1678630895648794471,0,15
1678630895650471093,0,15
1678630895652538791,0,15
1678630895654853312,0,15
1678630895656642650,0,15
1678630895658297450,0,15
1678630895659948764,0,15
1678630895661760996,0,15
1678630895663417801,0,15
1678630895665469780,0,15
1678630895667611932,0,15
1678630895669338559,0,15
1678630895670996716,0,15
1678630895673018557,0,15
1678630895674936961,0,15
1678630895676668999,0,15
1678630895678314222,0,15
1678630895679963422,0,15
1678630895681616710,0,15
1678630895683365209,0,15
1678630895685495979,0,15
1678630895687619855,0,15
1678630895689360329,0,15
1678630895691076296,0,15
1678630895693179614,0,15
1678630895695697202,0,15
1678630895697460861,0,15
1678630895699161179,0,15
1678630895701190916,0,15
1678630895712538969,0,15
1678630895717957820,0,15
1678630895719633941,0,15
1678630895721348967,0,15
1678630895723024507,0,15
1678630895725404872,0,15
1678630895728095482,0,15
1678630895730247372,0,15
1678630895732505295,0,15
1678630895734707872,0,15
1678630895736451682,0,15
1678630895738177669,0,15
1678630895739835494,0,15
1678630895741528948,0,15
1678630895743241099,0,15
1678630895745355427,0,15
1678630895747546412,0,15
1678630895749359275,0,15
1678630895751168280,0,15
1678630895753295413,0,15
1678630895755708282,0,15
1678630895757515674,0,15
1678630895759189380,0,15
1678630895760868777,0,15
1678630895762602178,0,15
1678630895764714222,0,15
1678630895766866583,0,15
1678630895768661231,0,15
1678630895770340268,0,15
1678630895772407587,0,15
1678630895774452963,0,15
1678630895776198546,0,15
1678630895777890788,0,15
1678630895779556890,0,15
1678630895781226650,0,15
1678630895782891961,0,15
1678630895784955081,0,15
1678630895787032820,0,15
1678630895788783514,0,15
1678630895790464103,0,15
1678630895792505331,0,15
1678630895794516202,0,15
1678630895796267777,0,15
1678630895797944911,0,15
1678630895799819471,0,15
1678630895801503698,0,15
1678630895803230998,0,15
1678630895805250775,0,15
1678630895807281254,0,15
1678630895809437622,0,15
1678630895811398006,0,15
1678630895813935181,0,15
1678630895816076992,0,15
1678630895817830953,0,15
1678630895819496103,0,15
1678630895821161574,0,15
1678630895822858916,0,15
1678630895824971281,0,15
1678630895827036244,0,15
1678630895828833346,0,15
1678630895830592897,0,15
1678630895832633725,0,15
1678630895834702857,0,15
1678630895836527282,0,15
1678630895838206279,0,15
1678630895840288085,0,15
1678630895842930753,0,15
1678630895845697537,0,15
1678630895855372916,0,15
1678630895860360473,0,15
1678630895862221767,0,15
1678630895864357145,0,15
1678630895866451064,0,15
1678630895868274718,0,15
1678630895869942724,0,15
1678630895872006936,0,15
1678630895874155861,0,15
1678630895875970657,0,15
1678630895877654954,0,15
1678630895879353097,0,15
1678630895881014429,0,15
1678630895882873871,0,15
1678630895884899871,0,15
1678630895886928987,0,15
1678630895888689670,0,15
1678630895890366983,0,15
1678630895892370270,0,15
1678630895894457877,0,15
1678630895896310606,0,15
1678630895897987188,0,15
1678630895899651626,0,15
1678630895901316516,0,15
1678630895903002436,0,15
1678630895904960777,0,24
1678630895914998639,0,24
1678630895922854212,0,24
1678630895925812002,0,24
1678630895928385558,0,24
1678630895930418821,0,24
1678630895932923275,0,24
1678630895934965274,0,24
1678630895937013345,0,24
1678630895938782134,0,24
1678630895940436654,0,24
1678630895942098598,0,24
1678630895943928163,0,24
1678630895945948662,0,24
1678630895947977868,0,24
1678630895949780361,0,24
1678630895951851215,0,24
1678630895953910007,0,24
1678630895955916440,0,24
1678630895958214008,0,24
1678630895959869600,0,24
1678630895961526194,0,24
1678630895963219940,0,24
1678630895965285565,0,24
1678630895967477881,0,24
1678630895969256969,0,24
1678630895970952688,0,24
1678630895972999588,0,24
1678630895975020588,0,24
1678630895976778485,0,24
1678630895978439558,0,24
1678630895980085973,0,24
1678630895981742267,0,24
1678630895983678024,0,24
1678630895986077286,0,24
1678630895988518468,0,24
1678630895990252901,0,24
1678630895998441181,0,24
1678630896003842496,0,24
1678630896006775859,0,24
1678630896008783052,0,24
1678630896010495804,0,24
1678630896013924583,0,24
1678630896015926106,0,24
1678630896017702619,0,24
1678630896019345406,0,24
1678630896020992031,0,24
1678630896022641531,0,24
1678630896025172025,0,24
1678630896027944861,0,24
1678630896030040323,0,24
1678630896032825011,0,24
1678630896034865328,0,24
1678630896036937395,0,24
1678630896038827065,0,24
1678630896040523946,0,24
1678630896042196570,0,24
1678630896044031554,0,24
1678630896046097009,0,24
1678630896048223370,0,24
1678630896049980897,0,24
1678630896052066020,0,24
1678630896054256835,0,24
1678630896056095657,0,24
1678630896057770596,0,24
1678630896059448320,0,24
1678630896061125963,0,24
1678630896062791074,0,24
1678630896064929518,0,24
1678630896066999192,0,24
1678630896068807856,0,24
1678630896070511129,0,24
1678630896072576984,0,24
1678630896074604126,0,24
1678630896076414103,0,24
1678630896078086257,0,24
1678630896079762809,0,24
1678630896081434662,0,24
1678630896083151210,0,24
1678630896085291427,0,24
1678630896087356592,0,24
1678630896089114409,0,24
1678630896090966166,0,24
1678630896093023536,0,24
1678630896095059996,0,24
1678630896096797925,0,24
1678630896098477543,0,24
1678630896100144827,0,24
1678630896101807702,0,24
1678630896103531695,0,22
1678630896108899929,0,22
1678630896110643388,0,22
1678630896120774869,0,22
1678630896122475366,0,22
1678630896124745011,0,22
1678630896126810646,0,22
1678630896128572030,0,22
1678630896130245577,0,22
1678630896132294921,0,22
1678630896134561200,0,22
1678630896136718641,0,22
1678630896138682441,0,22
1678630896140746012,0,22
1678630896146070281,0,22
1678630896152740470,0,22
1678630896155544265,0,22
1678630896157318524,0,22
1678630896158964919,0,22
1678630896160609841,0,22
1678630896162260573,0,22
1678630896164200979,0,22
1678630896166277324,0,22
1678630896168047385,0,22
1678630896169705642,0,22
1678630896171738976,0,22
1678630896173879635,0,22
1678630896175706525,0,22
1678630896177353029,0,22
1678630896179009282,0,22
1678630896180660535,0,22
1678630896182720971,0,22
1678630896184821282,0,22
1678630896186930020,0,22
1678630896188696194,0,22
1678630896190354611,0,22
1678630896192410447,0,22
1678630896194472174,0,22
1678630896196340042,0,22
1678630896198025722,0,22
1678630896199695100,0,22
1678630896201354560,0,22
1678630896203025071,0,22
1678630896205197631,0,22
1678630896207300015,0,22
1678630896209355911,0,22
1678630896211371251,0,22
1678630896213867008,0,22
1678630896215965165,0,22
1678630896217780022,0,22
1678630896219455331,0,22
1678630896221129007,0,22
1678630896222796923,0,22
1678630896224870343,0,22
1678630896226956798,0,22
1678630896228760273,0,22
1678630896230596580,0,22
1678630896232694406,0,22
1678630896234672103,0,22
1678630896236433468,0,22
1678630896238118226,0,22
1678630896239786773,0,22
1678630896241461291,0,22
1678630896243195554,0,22
1678630896245318278,0,22
1678630896247340991,0,22
1678630896249158151,0,22
1678630896250835655,0,22
1678630896252920036,0,22
1678630896255165255,0,22
1678630896256957698,0,22
1678630896258624000,0,22
1678630896260294039,0,22
1678630896262635431,0,22
1678630896264753617,0,22
1678630896266823010,0,22
1678630896268624471,0,22
1678630896270283709,0,22
1678630896272336479,0,22
1678630896274396985,0,22
1678630896276221820,0,22
1678630896278790406,0,22
1678630896280679795,0,22
1678630896282571158,0,22
1678630896284733087,0,22
1678630896286854539,0,22
1678630896292901247,0,22
1678630896297932517,0,22
1678630896299599821,0,22
1678630896301282454,0,22
1678630896302939429,0,22
1678630896304984565,0,15
1678630896309767160,0,15
1678630896311832784,0,15
1678630896320251384,0,15
1678630896321917176,0,15
1678630896323778341,0,15
1678630896325825460,0,15
1678630896327844556,0,15
1678630896329568308,0,15
1678630896331609146,0,15
1678630896333679871,0,15
1678630896335743753,0,15
1678630896337434493,0,15
1678630896339104973,0,15
1678630896340871716,0,15
1678630896342683818,0,15
1678630896344760444,0,15
1678630896347075326,0,15
1678630896348915190,0,15
1678630896350594256,0,15
1678630896352680260,0,15
1678630896354834424,0,15
1678630896356707251,0,15
1678630896358382611,0,15
1678630896360042943,0,15
1678630896361703334,0,15
1678630896363382461,0,15
1678630896365476902,0,15
1678630896367422938,0,15
1678630896369192627,0,15
1678630896370910228,0,15
1678630896372946928,0,15
1678630896374878397,0,15
1678630896376628100,0,15
1678630896378295333,0,15
1678630896379991382,0,15
1678630896381700867,0,15
1678630896383441902,0,15
1678630896385574035,0,15
1678630896387741846,0,15
1678630896389548947,0,15
1678630896391511956,0,15
1678630896393611305,0,15
1678630896395740341,0,15
1678630896397411443,0,15
1678630896399100279,0,15
1678630896400912511,0,15
1678630896402700506,0,15
1678630896404783975,0,15
1678630896406955913,0,15
1678630896426889515,0,15
1678630896430899313,0,15
1678630896432962633,0,15
1678630896434930371,0,15
1678630896436770516,0,15
1678630896438473288,0,15
1678630896440161012,0,15
1678630896441827525,0,15
1678630896443757952,0,15
1678630896446347648,0,15
1678630896449032515,0,15
1678630896450713687,0,15
1678630896474603584,0,15
1678630896491504835,0,15
1678630896493564829,0,15
1678630896495649451,0,15
1678630896497429822,0,15
1678630896499095041,0,15
1678630896500758308,0,15
1678630896502427676,0,15
1678630896504481850,0,15
1678630896509215181,0,15
1678630896511070463,0,15
1678630896520248714,0,15
1678630896521907592,0,15
1678630896523716086,0,15
1678630896526091323,0,15
1678630896527934613,0,15
1678630896529626384,0,15
1678630896531735172,0,15
1678630896533833970,0,15
1678630896535642655,0,15
1678630896537322233,0,15
1678630896538983876,0,15
1678630896540641722,0,15
1678630896542309788,0,15
1678630896544340827,0,15
1678630896546476757,0,15
1678630896548273519,0,15
1678630896549944630,0,15
1678630896552039361,0,15
1678630896554274660,0,15
1678630896556060841,0,15
1678630896557726503,0,15
1678630896559447791,0,15
1678630896561127649,0,15
1678630896562806827,0,15
1678630896564912168,0,15
1678630896566967944,0,15
1678630896568810302,0,15
1678630896570513715,0,15
1678630896572613777,0,15
1678630896574599720,0,15
1678630896576388907,0,15
1678630896578061912,0,15
1678630896579738554,0,15
1678630896581461404,0,15
1678630896583123289,0,15
1678630896585172282,0,15
1678630896587299415,0,15
1678630896589032906,0,15
1678630896590710981,0,15
1678630896592778749,0,15
1678630896594865696,0,15
1678630896596707564,0,15
1678630896598415486,0,15
1678630896600096837,0,15
1678630896601826000,0,15
1678630896603660785,0,15
1678630896606715539,0,15
1678630896608700309,0,15
1678630896610444280,0,15
1678630896613870965,0,15
1678630896616140229,0,15
1678630896618838783,0,15
1678630896620869190,0,15
1678630896623108517,0,15
1678630896628381820,0,15
1678630896633711378,0,15
1678630896635482972,0,15
1678630896637154464,0,15
1678630896638818693,0,15
1678630896640485356,0,15
1678630896642151198,0,15
1678630896644220391,0,15
1678630896646342052,0,15
1678630896648160625,0,15
1678630896649815856,0,15
1678630896651849451,0,15
1678630896653964491,0,15
1678630896655797552,0,15
1678630896657450829,0,15
1678630896659099107,0,15
1678630896660756272,0,15
1678630896662563553,0,15
1678630896664651461,0,15
1678630896666780658,0,15
1678630896668540911,0,15
1678630896670215689,0,15
1678630896672243040,0,15
1678630896674344744,0,15
1678630896676091160,0,15
1678630896677752033,0,15
1678630896679416301,0,15
1678630896681040644,0,15
1678630896682740882,0,15
1678630896685300831,0,15
1678630896687394449,0,15
1678630896689196380,0,15
1678630896691098674,0,15
1678630896693176713,0,15
1678630896695310078,0,15
1678630896697036425,0,15
1678630896698704330,0,15
1678630896700382916,0,15
1678630896702182723,0,15
1678630896704211278,0,20
1678630896709176141,0,20
1678630896712201799,0,20
1678630896726170909,0,20
1678630896728217047,0,20
1678630896729949385,0,20
1678630896732781695,0,20
1678630896734901735,0,20
1678630896737043375,0,20
1678630896739340161,0,20
1678630896741085664,0,20
1678630896742872377,0,20
1678630896745127014,0,20
1678630896747208650,0,20
1678630896749035609,0,20
1678630896750787635,0,20
1678630896753024446,0,20
1678630896755366029,0,20
1678630896757573836,0,20
1678630896759482011,0,20
1678630896762237885,0,20
1678630896764718623,0,20
1678630896770693664,0,20
1678630896775672604,0,20
1678630896777375166,0,20
1678630896779064612,0,20
1678630896780850973,0,20
1678630896782563133,0,20
1678630896784654528,0,20
1678630896786825825,0,20
1678630896788637786,0,20
1678630896790320610,0,20
1678630896792407676,0,20
1678630896794572991,0,20
1678630896796426762,0,20
1678630896798150264,0,20
1678630896799839440,0,20
1678630896801516514,0,20
1678630896803213004,0,20
1678630896806565136,0,20
1678630896808690785,0,20
1678630896810691296,0,20
1678630896813738587,0,20
1678630896815729109,0,20
1678630896817536310,0,20
1678630896819218393,0,20
1678630896820900936,0,20
1678630896822606644,0,20
1678630896824589651,0,20
1678630896826741722,0,20
1678630896828511703,0,20
1678630896830228752,0,20
1678630896832363558,0,20
1678630896834470122,0,20
1678630896836280640,0,20
1678630896837961050,0,20
1678630896839641690,0,20
1678630896841312030,0,20
1678630896843016325,0,20
1678630896845165651,0,20
1678630896847352356,0,20
1678630896849177943,0,20
1678630896851132526,0,20
1678630896853404776,0,20
1678630896855606001,0,20
1678630896857427981,0,20
1678630896859125843,0,20
1678630896860822873,0,20
1678630896862701171,0,20
1678630896864771916,0,20
1678630896866967330,0,20
1678630896868937723,0,20
1678630896870634203,0,20
1678630896872781073,0,20
1678630896874759341,0,20
1678630896876567405,0,20
1678630896878275667,0,20
1678630896879992978,0,20
1678630896881699437,0,20
1678630896883644592,0,20
1678630896885801101,0,20
1678630896887647166,0,20
1678630896889373694,0,20
1678630896891489966,0,20
1678630896893589456,0,20
1678630896895792293,0,20
1678630896897693835,0,20
1678630896899581109,0,20
1678630896901487259,0,20
1678630896904617799,0,23
1678630896910026640,0,23
1678630896914110328,0,23
1678630896927722808,0,23
1678630896933175883,0,23
1678630896935195731,0,23
1678630896937014244,0,23
1678630896938793452,0,23
1678630896940485303,0,23
1678630896942179108,0,23
1678630896944263679,0,23
1678630896946557881,0,23
1678630896948372317,0,23
1678630896950059459,0,23
1678630896952143890,0,23
1678630896954385220,0,23
1678630896956376955,0,23
1678630896958183004,0,23
1678630896959869015,0,23
1678630896961549314,0,23
1678630896963302924,0,23
1678630896965486264,0,23
1678630896967398375,0,23
1678630896969108791,0,23
1678630896971179306,0,23
1678630896973234762,0,23
1678630896975305037,0,23
1678630896977111447,0,23
1678630896978815751,0,23
1678630896980509336,0,23
1678630896982312850,0,23
1678630896984482204,0,23
1678630896986648682,0,23
1678630896988474459,0,23
1678630896990170238,0,23
1678630896992250480,0,23
1678630896994324040,0,23
1678630896996133016,0,23
1678630896997819617,0,23
1678630896999508062,0,23
1678630897001190055,0,23
1678630897002933064,0,23
1678630897006447697,0,23
1678630897008662296,0,23
1678630897010579327,0,23
1678630897013623462,0,23
1678630897015803746,0,23
1678630897017855084,0,23
1678630897019573786,0,23
1678630897021305263,0,23
1678630897023041809,0,23
1678630897025114358,0,23
1678630897027310963,0,23
1678630897029125869,0,23
1678630897031690597,0,23
1678630897034018013,0,23
1678630897036117703,0,23
1678630897038299851,0,23
1678630897040134825,0,23
1678630897041900026,0,23
1678630897044016719,0,23
1678630897046267188,0,23
1678630897048192746,0,23
1678630897049915616,0,23
1678630897052020185,0,23
1678630897054602727,0,23
1678630897056980068,0,23
1678630897058878163,0,23
1678630897061803179,0,23
1678630897063974917,0,23
1678630897070606262,0,23
1678630897075854676,0,23
1678630897077560404,0,23
1678630897079243379,0,23
1678630897080919911,0,23
1678630897082606963,0,23
1678630897084677597,0,23
1678630897086835098,0,23
1678630897088654002,0,23
1678630897090512521,0,23
1678630897092609616,0,23
1678630897094778729,0,23
1678630897096569920,0,23
1678630897098248636,0,23
1678630897099963562,0,23
1678630897101878499,0,23
1678630897104044325,0,18
1678630897109202547,0,18
1678630897111228467,0,18
1678630897123279071,0,18
1678630897125409420,0,18
1678630897127452702,0,18
1678630897129208917,0,18
1678630897131296614,0,18
1678630897133362781,0,18
1678630897135524098,0,18
1678630897137336690,0,18
1678630897139041796,0,18
1678630897140732145,0,18
1678630897142405481,0,18
1678630897144486326,0,18
1678630897146760128,0,18
1678630897148578891,0,18
1678630897150272526,0,18
1678630897152368990,0,18
1678630897155274951,0,18
1678630897157031536,0,18
1678630897158707497,0,18
1678630897160377997,0,18
1678630897162051423,0,18
1678630897164332840,0,18
1678630897166600321,0,18
1678630897168488456,0,18
1678630897170207970,0,18
1678630897172298654,0,18
1678630897174404826,0,18
1678630897176216156,0,18
1678630897177922425,0,18
1678630897179645085,0,18
1678630897181354309,0,18
1678630897183050639,0,18
1678630897185225473,0,18
1678630897187139929,0,18
1678630897188859865,0,18
1678630897190557406,0,18
1678630897192709696,0,18
1678630897194813905,0,18
1678630897196691291,0,18
1678630897198465530,0,18
1678630897200426144,0,18
1678630897202312617,0,18
1678630897206447114,0,18
1678630897208791381,0,18
1678630897230904715,0,18
1678630897250605472,0,18
1678630897278600398,0,18
1678630897280720578,0,18
1678630897286421106,0,18
1678630897291797924,0,18
1678630897293956146,0,18
1678630897296040006,0,18
1678630897297829804,0,18
1678630897299503651,0,18
1678630897301186064,0,18
1678630897302925046,0,15
1678630897308831145,0,15
1678630897310648036,0,15
1678630897323216210,0,15
1678630897325396975,0,15
1678630897327622436,0,15
1678630897329570246,0,15
1678630897331732956,0,15
1678630897333878143,0,15
1678630897336013902,0,15
1678630897337801106,0,15
1678630897339503687,0,15
1678630897341204284,0,15
1678630897342945320,0,15
1678630897345146514,0,15
1678630897347223912,0,15
1678630897349038418,0,15
1678630897350902017,0,15
1678630897353037274,0,15
1678630897355186309,0,15
1678630897357005093,0,15
1678630897358704880,0,15
1678630897360422210,0,15
1678630897362145581,0,15
1678630897364264327,0,15
1678630897366458598,0,15
1678630897368330904,0,15
1678630897370023998,0,15
1678630897372130039,0,15
1678630897374209741,0,15
1678630897376026932,0,15
1678630897377780281,0,15
1678630897379490308,0,15
1678630897381193130,0,15
1678630897382912433,0,15
1678630897385039475,0,15
1678630897387043022,0,15
1678630897388813894,0,15
1678630897390517909,0,15
1678630897392642327,0,15
1678630897394747908,0,15
1678630897396557433,0,15
1678630897398258142,0,15
1678630897399956025,0,15
1678630897401841245,0,15
1678630897403982614,0,15
1678630897406296203,0,15
1678630897408462200,0,15
1678630897410302515,0,15
1678630897413610233,0,15
1678630897415759357,0,15
1678630897418249012,0,15
1678630897420944921,0,15
1678630897422742625,0,15
1678630897429522232,0,15
1678630897434834528,0,15
1678630897436729938,0,15
1678630897438458329,0,15
1678630897440145001,0,15
1678630897441834558,0,15
1678630897443938186,0,15
1678630897446270460,0,15
1678630897448074135,0,15
1678630897449755075,0,15
1678630897451872048,0,15
1678630897454218260,0,15
1678630897456286220,0,15
1678630897458065327,0,15
1678630897459748101,0,15
1678630897461442657,0,15
1678630897463337977,0,15
1678630897465517821,0,15
1678630897467318220,0,15
1678630897469034438,0,15
1678630897470996444,0,15
1678630897473033204,0,15
1678630897475116202,0,15
1678630897476985453,0,15
1678630897478669038,0,15
1678630897480359326,0,15
1678630897482370507,0,15
1678630897484448957,0,15
1678630897486546022,0,15
1678630897488347563,0,15
1678630897490159163,0,15
1678630897492297066,0,15
1678630897494385685,0,15
1678630897496210400,0,15
1678630897497926307,0,15
1678630897499636905,0,15
1678630897501331602,0,15
1678630897503031478,0,20
1678630897508609561,0,20
1678630897510378409,0,20
1678630897522786608,0,20
1678630897524901356,0,20
1678630897526978684,0,20
1678630897528812356,0,20
1678630897530586645,0,20
1678630897532722475,0,20
1678630897535003942,0,20
1678630897536857672,0,20
1678630897538592245,0,20
1678630897540306920,0,20
1678630897542013098,0,20
1678630897544120803,0,20
1678630897546330423,0,20
1678630897548154147,0,20
1678630897549855967,0,20
1678630897551931502,0,20
1678630897554351022,0,20
1678630897556430493,0,20
1678630897559453147,0,20
1678630897562110242,0,20
1678630897564208169,0,20
1678630897571242463,0,20
1678630897576367300,0,20
1678630897578065033,0,20
1678630897579761323,0,20
1678630897581462322,0,20
1678630897583616857,0,20
1678630897585588863,0,20
1678630897587372329,0,20
1678630897589033682,0,20
1678630897591208806,0,20
1678630897593267659,0,20
1678630897595498560,0,20
1678630897597309699,0,20
1678630897598995999,0,20
1678630897600680586,0,20
1678630897602360876,0,20
1678630897604440207,0,20
1678630897606447571,0,20
1678630897608637433,0,20
1678630897610442510,0,20
1678630897613499880,0,20
1678630897615497936,0,20
1678630897617298055,0,20
1678630897618990757,0,20
1678630897620691244,0,20
1678630897622375952,0,20
1678630897624400188,0,20
1678630897626472807,0,20
1678630897628286241,0,20
1678630897630091328,0,20
1678630897632204303,0,20
1678630897634294105,0,20
1678630897636107258,0,20
1678630897637791084,0,20
1678630897639494187,0,20
1678630897641336305,0,20
1678630897643505868,0,20
1678630897645593926,0,20
1678630897647784630,0,20
1678630897649595890,0,20
1678630897651695780,0,20
1678630897653885802,0,20
1678630897656090994,0,20
1678630897657940016,0,20
1678630897659640694,0,20
1678630897661453437,0,20
1678630897663395064,0,20
1678630897665495826,0,20
1678630897667323197,0,20
1678630897669016050,0,20
1678630897671039625,0,20
1678630897673128625,0,20
1678630897675303849,0,20
1678630897677132952,0,20
1678630897678853749,0,20
1678630897680570348,0,20
1678630897682318737,0,20
1678630897684430680,0,20
1678630897686622816,0,20
1678630897690540219,0,20
1678630897692706547,0,20
1678630897694907219,0,20
1678630897696744758,0,24
1678630897713909742,0,24
1678630897725860657,0,24
1678630897727971739,0,24
1678630897730100574,0,24
1678630897732332688,0,24
1678630897734538491,0,24
1678630897737130993,0,24
1678630897738894230,0,24
1678630897740910590,0,24
1678630897742922293,0,24
1678630897753569548,0,24
1678630897755423469,0,24
1678630897757127844,0,24
1678630897758847859,0,24
1678630897760566962,0,24
1678630897762357902,0,24
1678630897764465989,0,24
1678630897766557073,0,24
1678630897768406325,0,24
1678630897770153662,0,24
1678630897772252691,0,24
1678630897774342582,0,24
1678630897776175052,0,24
1678630897777904676,0,24
1678630897779621174,0,24
1678630897781352161,0,24
1678630897783350396,0,24
1678630897785553544,0,24
1678630897787652042,0,24
1678630897789365284,0,24
1678630897791079368,0,24
1678630897792783361,0,24
1678630897794509128,0,24
1678630897796216028,0,24
1678630897797931645,0,24
1678630897799653524,0,24
1678630897801372006,0,24
1678630897803346587,0,24
1678630897806290248,0,24
1678630897808444223,0,24
1678630897810309085,0,24
1678630897812695653,0,24
1678630897814417281,0,24
1678630897816138358,0,24
1678630897817946160,0,24
1678630897819700281,0,24
1678630897821442648,0,24
1678630897823422960,0,24
1678630897825557607,0,24
1678630897827434832,0,24
1678630897829217618,0,24
1678630897830975575,0,24
1678630897832699478,0,24
1678630897834828344,0,24
1678630897836551654,0,24
1678630897838270948,0,24
1678630897840059194,0,24
1678630897841784269,0,24
1678630897843921080,0,24
1678630897846047121,0,24
1678630897848023956,0,24
1678630897849737688,0,24
1678630897851462854,0,24
1678630897853203779,0,24
1678630897854952328,0,24
1678630897856699424,0,24
1678630897858469675,0,24
1678630897860269603,0,24
1678630897862302196,0,24
1678630897864473783,0,24
1678630897866605464,0,24
1678630897868506124,0,24
1678630897870270704,0,24
1678630897872028882,0,24
1678630897873759478,0,24
1678630897875486036,0,24
1678630897877529679,0,24
1678630897879924342,0,24
1678630897882333533,0,24
1678630897884505962,0,24
1678630897892025814,0,24
1678630897896981800,0,24
1678630897898697837,0,24
1678630897900403645,0,24
1678630897902160560,0,24
1678630897904164007,0,16
1678630897914701462,0,16
1678630897916807976,0,16
1678630897918943053,0,16
1678630897921117726,0,16
1678630897923028926,0,16
1678630897925477724,0,16
1678630897927785191,0,16
1678630897929903056,0,16
1678630897931842920,0,16
1678630897933544480,0,16
1678630897935250268,0,16
1678630897936962569,0,16
1678630897938680480,0,16
1678630897940462834,0,16
1678630897942174944,0,16
1678630897944246280,0,16
1678630897946377951,0,16
1678630897948218396,0,16
1678630897949930226,0,16
1678630897951640332,0,16
1678630897953351430,0,16
1678630897955064692,0,16
1678630897956781831,0,16
1678630897958502257,0,16
1678630897960205350,0,16
1678630897961960011,0,16
1678630897964059020,0,16
1678630897966253611,0,16
1678630897968125877,0,16
1678630897969828910,0,16
1678630897971534728,0,16
1678630897973234855,0,16
1678630897974936785,0,16
1678630897976640910,0,16
1678630897978338051,0,16
1678630897980046615,0,16
1678630897981889475,0,16
1678630897983998042,0,16
1678630897986155422,0,16
1678630897988011807,0,16
1678630897989818918,0,16
1678630897991550295,0,16
1678630897993282153,0,16
1678630897995039940,0,16
1678630897996797667,0,16
1678630897998528282,0,16
1678630898000264158,0,16
1678630898002020512,0,16
1678630898004131645,0,16
1678630898006250772,0,16
1678630898008358807,0,16
1678630898010277482,0,16
1678630898012688597,0,16
1678630898014421837,0,16
1678630898016190304,0,16
1678630898018167691,0,16
1678630898020346352,0,16
1678630898023488825,0,16
1678630898026204090,0,16
1678630898028493442,0,16
1678630898035499673,0,16
1678630898041157599,0,16
1678630898042888785,0,16
1678630898045381696,0,16
1678630898047432773,0,16
1678630898049155945,0,16
1678630898050870489,0,16
1678630898052616283,0,16
1678630898054765718,0,16
1678630898056489801,0,16
1678630898058199447,0,16
1678630898059917158,0,16
1678630898062229564,0,16
1678630898064339513,0,16
1678630898066436147,0,16
1678630898068244552,0,16
1678630898070554673,0,16
1678630898072657609,0,16
1678630898074846861,0,16
1678630898076702635,0,16
1678630898078808236,0,16
1678630898080532609,0,16
1678630898082265178,0,16
1678630898084469609,0,16
1678630898086633892,0,16
1678630898088470048,0,16
1678630898090320412,0,16
1678630898092108227,0,16
1678630898093844103,0,16
1678630898095552596,0,16
1678630898097321104,0,16
1678630898099034105,0,16
1678630898100745533,0,16
1678630898102468795,0,16
1678630898104679227,0,15
1678630898112299009,0,15
1678630898114453434,0,15
1678630898117464394,0,15
1678630898119547703,0,15
1678630898121644047,0,15
1678630898124074448,0,15
1678630898126540548,0,15
1678630898128753765,0,15
1678630898130929120,0,15
1678630898132638676,0,15
1678630898134334153,0,15
1678630898136044179,0,15
1678630898137756479,0,15
1678630898139548732,0,15
1678630898141756429,0,15
1678630898143866188,0,15
1678630898146243989,0,15
1678630898148179205,0,15
1678630898149920761,0,15
1678630898151655795,0,15
1678630898153373685,0,15
1678630898155098450,0,15
1678630898156846068,0,15
1678630898158573847,0,15
1678630898160301176,0,15
1678630898162725656,0,15
